PATH 100 1000
0
1
1001
2001
3001
4001
5001
6001
6002
6003
6004
6005
7005
7006
8006
8005
8004
8003
8002
8001
8000
9000
10000
11000
12000
13000
13001
13002
14002
14001
15001
15000
16000
16001
16002
17002
17001
18001
18002
18003
19003
20003
21003
21004
21005
21006
21007
20007
20008
20009
20010
19010
18010
18009
17009
17010
17011
16011
16012
17012
17013
18013
18014
19014
19015
19016
19017
19018
18018
18019
18020
19020
20020
21020
22020
22019
22018
23018
24018
24019
24020
25020
25019
25018
26018
26017
26016
27016
28016
28017
28018
29018
30018
30019
29019
29020
29021
30021
31021
32021
32020
32019
33019
34019
34020
35020
35019
35018
35017
35016
36016
36017
37017
38017
38016
38015
38014
38013
38012
39012
40012
40013
41013
41014
41015
40015
40016
41016
42016
43016
44016
44017
44018
44019
45019
45020
45021
45022
45023
46023
46022
47022
47023
47024
47025
46025
45025
44025
44026
43026
43027
42027
42028
42029
43029
44029
45029
45030
46030
46031
47031
47032
46032
46033
45033
45034
45035
45036
45037
45038
44038
44039
45039
45040
44040
44041
43041
42041
42042
42043
41043
40043
40044
41044
41045
42045
42044
43044
44044
44045
45045
46045
47045
47046
48046
48047
48048
49048
49049
50049
51049
52049
52050
52051
52052
52053
52054
51054
51055
50055
50056
49056
49055
48055
47055
46055
45055
45056
44056
44057
45057
46057
46058
47058
48058
49058
49059
50059
51059
51060
51061
50061
49061
49062
48062
48063
47063
47064
46064
45064
44064
44065
44066
44067
43067
42067
42066
42065
41065
41064
40064
40065
39065
39064
39063
39062
38062
38061
38060
37060
37059
37058
37057
36057
35057
34057
34058
33058
33057
32057
31057
31058
30058
29058
29059
28059
28060
27060
27059
27058
26058
26059
26060
25060
25061
24061
24060
23060
22060
21060
20060
19060
18060
18059
17059
17060
16060
15060
14060
14061
14062
13062
13063
13064
14064
15064
16064
16065
16066
16067
16068
17068
18068
18069
19069
20069
20068
21068
21069
22069
22070
22071
23071
24071
24072
24073
25073
26073
26072
27072
28072
29072
30072
31072
31073
32073
32074
33074
33075
32075
32076
32077
32078
32079
33079
34079
34080
34081
33081
33082
33083
33084
34084
35084
35085
35086
36086
37086
37087
36087
36088
36089
37089
37088
38088
39088
39089
40089
41089
42089
42088
43088
44088
44089
45089
45090
45091
45092
45093
46093
46092
46091
47091
47092
48092
48091
48090
49090
49089
49088
48088
48087
48086
48085
49085
49086
50086
51086
51085
51084
50084
50083
49083
48083
48082
47082
47081
48081
48080
48079
49079
50079
50078
50077
50076
51076
52076
52077
53077
53078
53079
54079
54078
55078
56078
57078
57077
58077
58078
59078
60078
60079
60080
61080
62080
63080
63081
64081
65081
66081
66080
67080
68080
69080
69079
70079
71079
72079
73079
73080
73081
73082
74082
74081
74080
75080
76080
76079
77079
78079
78078
79078
80078
80079
80080
79080
78080
78081
78082
77082
76082
76083
77083
77084
78084
78085
78086
79086
80086
80085
81085
82085
83085
83086
83087
83088
82088
82089
82090
82091
82092
81092
81091
80091
80092
79092
79093
79094
79095
80095
80096
81096
82096
82095
83095
84095
85095
85096
85097
84097
84098
85098
85099
84099
84100
85100
85101
85102
86102
86103
87103
87104
88104
88105
88106
87106
87107
87108
87109
87110
88110
88111
87111
87112
86112
85112
85113
85114
85115
86115
87115
88115
88116
87116
86116
86117
86118
86119
85119
84119
84120
84121
83121
83122
83123
84123
85123
85122
86122
86121
86120
87120
88120
88121
87121
87122
87123
88123
88124
89124
90124
90125
90126
90127
90128
91128
91129
90129
90130
89130
89131
88131
88132
87132
86132
86131
85131
85132
85133
84133
83133
83134
83135
83136
83137
84137
84136
84135
85135
85136
86136
86137
86138
87138
87139
88139
88138
89138
90138
90139
90140
90141
89141
89142
89143
90143
90144
90145
90146
91146
91147
92147
92146
92145
93145
94145
94146
94147
95147
95148
95149
95150
94150
94151
94152
94153
95153
95154
94154
93154
93153
92153
92154
92155
92156
93156
93157
92157
91157
91158
90158
90159
90160
89160
88160
88159
87159
86159
85159
84159
83159
83160
82160
82161
81161
80161
79161
79162
78162
77162
77161
76161
76162
76163
75163
74163
74162
73162
73161
73160
73159
72159
71159
70159
69159
69158
69157
69156
69155
70155
71155
71154
71153
71152
70152
69152
68152
68151
68150
68149
68148
68147
67147
66147
65147
64147
64148
63148
62148
62147
62146
61146
61147
61148
60148
60147
60146
59146
59145
60145
60144
60143
60142
59142
59141
58141
58140
57140
56140
56141
56142
57142
57143
56143
56144
55144
55145
55146
55147
55148
55149
56149
56150
56151
56152
55152
55151
54151
53151
53152
52152
52153
52154
51154
51155
51156
51157
51158
50158
50159
51159
51160
51161
52161
52162
52163
52164
52165
53165
53166
53167
53168
54168
54169
54170
55170
55171
55172
54172
53172
52172
52173
51173
51174
51175
52175
53175
53176
52176
51176
51177
50177
49177
49178
48178
47178
47177
46177
46178
46179
46180
46181
46182
46183
47183
47184
48184
48183
48182
48181
48180
49180
50180
50179
51179
52179
53179
53180
53181
54181
55181
55182
55183
55184
56184
56185
56186
55186
55187
55188
54188
54189
53189
52189
52190
52191
53191
54191
55191
55192
54192
54193
54194
53194
53195
52195
51195
50195
50196
50197
49197
49196
48196
48197
47197
47198
47199
47200
46200
46201
47201
47202
47203
47204
47205
47206
47207
46207
46208
45208
44208
43208
43207
42207
42208
41208
41209
41210
40210
40211
39211
38211
37211
36211
36210
36209
35209
34209
34210
34211
34212
34213
34214
35214
35215
35216
35217
34217
34218
34219
35219
35220
35221
34221
34220
33220
32220
31220
31219
31218
31217
30217
29217
28217
27217
27216
27215
26215
26214
26213
26212
27212
27211
28211
28210
28209
27209
27208
27207
28207
29207
30207
30206
30205
29205
28205
28204
27204
27203
27202
26202
25202
24202
24203
24204
24205
23205
23204
22204
21204
20204
19204
19203
20203
21203
21202
21201
20201
20202
19202
19201
18201
17201
16201
16202
15202
14202
13202
13203
12203
12204
12205
11205
10205
9205
9204
9203
8203
8202
8201
7201
7202
6202
6201
6200
5200
4200
4201
4202
5202
5203
5204
4204
4205
5205
6205
6206
5206
4206
3206
2206
2207
2208
3208
3209
3210
2210
2211
2212
3212
3213
2213
2214
3214
3215
3216
4216
4215
5215
5216
6216
6217
6218
6219
7219
8219
8218
9218
10218
11218
11219
11220
11221
11222
11223
11224
10224
10225
9225
9226
8226
8227
9227
10227
10228
10229
11229
12229
12230
12231
12232
12233
13233
13234
13235
12235
12236
12237
12238
12239
12240
13240
14240
15240
15239
15238
15237
16237
16236
17236
17235
18235
18234
18233
19233
20233
20234
21234
21235
20235
20236
20237
20238
21238
22238
22237
22236
22235
23235
24235
25235
25236
25237
25238
25239
26239
27239
27240
27241
27242
28242
28243
28244
28245
28246
27246
26246
26247
26248
25248
25249
25250
24250
24251
24252
23252
22252
21252
21253
21254
21255
21256
21257
20257
19257
19258
19259
19260
18260
17260
16260
16261
17261
17262
18262
19262
19261
20261
21261
22261
23261
23260
24260
25260
26260
27260
28260
29260
30260
31260
32260
32261
33261
34261
34262
34263
35263
35262
36262
36261
37261
37260
37259
38259
39259
39258
40258
40259
40260
40261
41261
42261
43261
43260
44260
44259
45259
45260
46260
46261
46262
47262
48262
48261
49261
50261
51261
51260
51259
52259
53259
54259
54260
55260
56260
56259
57259
58259
58260
59260
59261
60261
61261
61262
61263
62263
63263
63262
64262
65262
66262
66263
66264
67264
67265
67266
68266
69266
69265
69264
70264
70265
70266
70267
69267
68267
68268
67268
67269
67270
68270
68271
67271
66271
65271
65272
65273
64273
63273
62273
62272
61272
60272
60271
59271
59272
58272
57272
56272
55272
54272
53272
53273
52273
51273
51274
51275
52275
53275
53276
52276
52277
51277
51278
50278
50279
50280
51280
52280
53280
54280
54279
55279
55278
56278
56279
56280
57280
57281
57282
58282
58281
58280
59280
60280
61280
61281
61282
61283
62283
62284
63284
64284
65284
65285
65286
66286
67286
68286
69286
70286
71286
71287
71288
70288
70289
70290
69290
68290
67290
67291
66291
65291
64291
63291
62291
62292
63292
63293
64293
64294
63294
63295
62295
61295
60295
60296
59296
58296
57296
57295
57294
56294
56293
56292
56291
55291
55290
54290
54289
53289
52289
51289
51290
51291
50291
49291
48291
48290
47290
47291
46291
45291
44291
43291
42291
42292
42293
43293
43294
42294
41294
41295
41296
40296
40297
41297
41298
42298
42299
42300
41300
41301
41302
42302
42303
43303
43304
43305
43306
43307
43308
43309
43310
44310
45310
45309
46309
46310
46311
46312
45312
45313
45314
45315
45316
44316
43316
43317
42317
42318
42319
43319
44319
44320
43320
43321
43322
43323
43324
43325
44325
45325
45326
45327
45328
44328
44329
45329
45330
45331
45332
46332
46333
46334
47334
47335
47336
46336
46337
47337
47338
47339
47340
46340
46341
46342
46343
45343
44343
44344
45344
45345
46345
47345
47346
47347
48347
48348
48349
49349
49348
50348
50349
50350
51350
52350
53350
53351
53352
53353
53354
53355
54355
55355
55356
54356
54357
53357
52357
51357
51358
52358
53358
53359
53360
53361
53362
52362
52363
52364
53364
53363
54363
55363
56363
56364
56365
56366
57366
58366
59366
59367
59368
58368
58369
57369
56369
55369
55370
54370
54371
53371
53372
53373
54373
55373
55374
55375
54375
53375
53376
52376
51376
50376
50377
51377
51378
50378
49378
48378
48379
48380
48381
48382
47382
46382
45382
45383
44383
44384
45384
45385
45386
45387
46387
46388
46389
47389
48389
48390
49390
49391
49392
49393
50393
51393
51392
52392
52391
53391
53392
53393
53394
53395
53396
54396
55396
56396
57396
57397
57398
58398
58397
58396
59396
60396
60397
61397
62397
63397
63396
63395
63394
64394
64395
65395
66395
66396
66397
66398
65398
65399
66399
66400
66401
65401
65402
65403
65404
65405
66405
67405
68405
69405
69406
70406
71406
71407
71408
71409
70409
70410
70411
70412
70413
71413
71414
72414
72415
73415
73416
73417
73418
73419
74419
74420
75420
75419
75418
76418
76419
76420
76421
77421
78421
78422
77422
76422
76423
77423
77424
77425
77426
77427
77428
78428
79428
79429
80429
81429
82429
83429
83430
84430
84431
84432
84433
84434
83434
83435
83436
83437
83438
83439
83440
83441
82441
81441
80441
80440
81440
81439
81438
81437
81436
80436
79436
79435
79434
79433
78433
77433
76433
76434
76435
75435
74435
74434
73434
73433
72433
72434
72435
71435
70435
70436
70437
69437
68437
67437
66437
65437
64437
64438
64439
63439
63440
63441
64441
65441
66441
66442
65442
65443
65444
65445
64445
64444
63444
63445
63446
62446
62447
61447
60447
59447
59448
58448
57448
56448
55448
55447
55446
55445
56445
56446
57446
58446
58445
59445
59444
60444
60443
60442
60441
60440
59440
58440
57440
57441
57442
56442
55442
55441
54441
53441
52441
52442
53442
53443
53444
52444
52445
52446
51446
50446
50447
50448
49448
48448
48449
48450
47450
47451
48451
48452
47452
47453
47454
47455
48455
48454
49454
50454
50455
51455
51456
51457
52457
53457
53458
52458
51458
51459
51460
52460
53460
53459
54459
54460
54461
54462
54463
54464
55464
55463
56463
56464
57464
58464
59464
59465
60465
60466
61466
62466
63466
64466
65466
65467
65468
66468
66469
67469
67470
66470
66471
65471
65472
65473
64473
64474
63474
63473
62473
62474
61474
61475
61476
61477
60477
59477
59478
59479
58479
58478
57478
57479
56479
56480
56481
55481
54481
53481
52481
52482
53482
53483
53484
53485
53486
54486
55486
56486
57486
58486
58487
57487
56487
55487
55488
55489
55490
54490
54491
54492
54493
53493
53494
52494
52495
51495
51496
51497
51498
50498
49498
49499
49500
50500
51500
52500
52501
53501
53502
54502
55502
56502
57502
57503
57504
56504
56505
57505
57506
58506
58507
58508
57508
56508
56509
55509
55510
54510
54511
54512
53512
52512
51512
51513
52513
52514
52515
52516
53516
54516
54517
53517
53518
52518
52517
51517
50517
50518
49518
48518
48519
47519
46519
46520
46521
45521
44521
44522
45522
46522
47522
48522
48523
49523
50523
51523
51524
51525
50525
50526
50527
51527
52527
52528
52529
51529
51530
51531
50531
50532
50533
51533
51534
50534
50535
50536
51536
51537
52537
53537
53538
52538
52539
53539
53540
53541
53542
54542
54543
54544
54545
55545
56545
57545
57544
58544
58545
59545
60545
60544
60543
60542
60541
61541
62541
62540
62539
63539
63538
64538
64539
64540
65540
66540
66541
67541
67542
68542
68543
68544
69544
70544
70545
69545
69546
68546
68547
67547
67548
67549
67550
67551
67552
66552
66553
65553
65554
64554
64555
63555
62555
62556
63556
64556
65556
65557
65558
66558
66559
66560
66561
66562
67562
67561
68561
69561
70561
71561
71562
70562
70563
69563
68563
67563
66563
66564
65564
65563
64563
64562
64561
63561
63562
63563
62563
61563
61564
61565
60565
60566
61566
62566
62567
63567
64567
64566
65566
65567
65568
64568
64569
65569
65570
64570
64571
65571
66571
66572
66573
65573
64573
64574
64575
64576
64577
64578
64579
63579
62579
62580
62581
62582
63582
63583
64583
65583
65584
66584
66585
66586
66587
66588
66589
67589
67590
67591
66591
66592
65592
65593
64593
63593
63592
62592
62591
61591
60591
60590
59590
58590
57590
56590
56589
55589
54589
54590
53590
52590
51590
51589
50589
49589
49588
49587
48587
48586
47586
47587
47588
47589
48589
48590
47590
47591
46591
46590
45590
44590
44589
43589
42589
42590
41590
41591
41592
40592
39592
39593
38593
37593
36593
36594
35594
34594
34593
33593
33592
33591
32591
32590
33590
33589
34589
34588
33588
33587
32587
31587
30587
30586
30585
30584
29584
29585
28585
27585
26585
25585
24585
24584
23584
23583
22583
22584
22585
22586
22587
22588
22589
21589
21590
21591
22591
23591
24591
25591
25592
25593
26593
26594
26595
26596
26597
26598
25598
25599
26599
27599
27600
28600
29600
29601
28601
27601
27602
28602
29602
30602
30601
31601
31602
32602
32601
32600
33600
34600
34601
34602
35602
36602
37602
38602
39602
39603
38603
38604
39604
40604
41604
41605
41606
41607
42607
42608
41608
40608
40609
40610
40611
40612
40613
39613
39614
38614
38615
38616
38617
38618
38619
37619
37620
36620
35620
35621
36621
37621
37622
37623
37624
37625
37626
38626
39626
40626
40627
40628
41628
41629
41630
42630
42631
42632
41632
41633
42633
43633
43634
42634
41634
41635
41636
40636
40637
40638
39638
39637
38637
38636
39636
39635
38635
37635
37634
37633
38633
38632
37632
36632
36633
35633
35634
36634
36635
36636
35636
35637
34637
33637
33638
32638
32639
31639
31640
31641
31642
30642
29642
28642
28641
28640
28639
28638
27638
26638
25638
25639
24639
24638
23638
22638
21638
21637
20637
19637
19638
18638
18639
18640
17640
17641
17642
17643
16643
16644
16645
15645
15646
15647
15648
16648
17648
18648
19648
19649
20649
20650
21650
21651
21652
22652
23652
24652
24653
24654
25654
26654
26653
27653
27652
27651
28651
28652
28653
29653
30653
30654
30655
30656
30657
31657
31658
30658
30659
31659
31660
32660
32659
33659
33660
34660
34661
34662
35662
36662
36663
35663
35664
36664
36665
37665
38665
38664
38663
39663
40663
40662
41662
41661
42661
42662
43662
43661
44661
44660
45660
45661
45662
45663
45664
46664
46665
46666
47666
48666
49666
49667
49668
50668
51668
51669
50669
50670
49670
49671
48671
47671
47672
47673
47674
47675
47676
47677
47678
48678
48679
49679
50679
51679
51678
52678
52677
53677
54677
54678
54679
55679
56679
57679
58679
59679
59680
60680
61680
62680
63680
63679
64679
64680
65680
65679
66679
67679
68679
69679
69680
70680
71680
71679
72679
73679
73678
74678
75678
75679
74679
74680
75680
76680
76681
76682
76683
75683
75684
74684
73684
73685
72685
71685
70685
70686
70687
70688
70689
70690
70691
70692
70693
69693
69692
69691
68691
67691
67692
67693
67694
67695
67696
66696
66695
66694
66693
65693
64693
63693
63692
62692
61692
60692
60693
59693
59694
59695
59696
59697
60697
61697
62697
62698
63698
63699
63700
64700
64701
65701
66701
66702
66703
65703
64703
63703
62703
61703
61704
60704
60703
59703
58703
57703
56703
55703
54703
53703
53704
53705
52705
52706
52707
51707
51706
51705
50705
50704
49704
48704
47704
47705
46705
46706
45706
44706
44705
43705
43704
42704
42703
42702
41702
40702
40703
39703
38703
38704
37704
36704
35704
35705
36705
36706
36707
36708
37708
38708
38709
39709
39710
39711
40711
40712
40713
40714
40715
40716
41716
42716
42717
42718
42719
42720
42721
43721
44721
44722
45722
46722
46721
47721
47722
48722
48721
49721
50721
51721
51722
52722
52721
52720
52719
52718
51718
50718
50717
51717
52717
53717
54717
54718
54719
54720
54721
54722
54723
54724
55724
55725
56725
57725
57724
58724
59724
60724
60725
60726
61726
62726
62727
63727
64727
64728
64729
64730
65730
65731
66731
67731
67732
67733
67734
68734
68733
68732
68731
68730
69730
70730
71730
71731
72731
72732
73732
73733
73734
72734
71734
70734
69734
69735
70735
71735
71736
71737
71738
72738
72739
73739
73738
74738
75738
75737
76737
76738
77738
77739
77740
76740
75740
75741
75742
76742
77742
78742
78743
78744
78745
79745
79746
80746
80745
80744
81744
82744
83744
83745
83746
83747
84747
84748
85748
85747
86747
86748
87748
88748
89748
90748
90749
89749
88749
88750
88751
88752
89752
89753
90753
91753
91754
91755
91756
91757
90757
89757
89758
89759
88759
87759
86759
85759
85760
85761
85762
84762
84761
83761
82761
81761
81762
81763
81764
80764
80765
81765
81766
81767
80767
80768
80769
79769
78769
78768
77768
76768
75768
74768
74767
74766
74765
74764
73764
72764
72763
72762
71762
71761
71760
71759
70759
70760
69760
68760
68759
68758
67758
67757
66757
65757
64757
63757
63756
62756
62757
62758
63758
63759
64759
64760
64761
64762
64763
64764
63764
63763
62763
62762
61762
60762
59762
59761
60761
60760
60759
59759
58759
58760
57760
56760
56761
57761
57762
56762
56763
56764
56765
55765
55766
54766
53766
53765
52765
51765
51766
51767
51768
50768
49768
49767
49766
48766
47766
47767
46767
45767
45766
45765
46765
47765
47764
47763
47762
47761
46761
46760
45760
44760
43760
42760
42759
41759
41760
41761
41762
41763
41764
40764
40765
40766
41766
42766
42767
42768
43768
43769
43770
42770
42771
42772
41772
40772
40773
39773
38773
37773
36773
36774
36775
37775
37776
37777
36777
35777
34777
34778
34779
35779
35780
36780
36781
36782
36783
35783
34783
33783
32783
31783
30783
30782
29782
29781
30781
30780
30779
29779
28779
28780
28781
27781
27782
26782
26783
26784
26785
26786
26787
25787
24787
23787
23788
22788
21788
20788
19788
19789
18789
18790
18791
18792
18793
18794
18795
17795
16795
16796
17796
17797
17798
17799
18799
19799
20799
20798
21798
22798
22799
23799
23800
24800
24799
25799
26799
26800
26801
26802
27802
28802
28803
29803
29804
30804
30805
29805
29806
28806
27806
27807
26807
26808
26809
26810
25810
24810
24811
23811
23812
22812
22811
21811
20811
20810
20809
19809
19810
19811
18811
17811
16811
16812
17812
17813
17814
17815
17816
16816
16817
17817
17818
17819
16819
16820
16821
17821
17822
17823
17824
16824
16825
17825
18825
19825
19826
18826
18827
18828
17828
17827
16827
15827
15828
16828
16829
15829
14829
14830
14831
14832
14833
14834
13834
13835
14835
15835
15836
15837
15838
16838
17838
17839
18839
19839
20839
20838
21838
21837
21836
22836
22837
22838
22839
23839
23840
24840
24839
25839
26839
26840
27840
28840
29840
30840
31840
31839
32839
32838
32837
33837
33838
33839
34839
35839
35838
36838
36837
37837
37836
36836
36835
36834
36833
36832
37832
37831
37830
37829
37828
37827
37826
38826
39826
40826
41826
41827
41828
42828
42829
42830
42831
43831
44831
44832
45832
45831
46831
47831
47830
48830
48829
49829
49828
48828
47828
47827
47826
47825
48825
49825
49826
50826
51826
52826
52827
53827
53828
53829
53830
54830
54831
54832
53832
53833
54833
55833
55834
55835
56835
57835
57836
58836
59836
60836
60835
61835
61834
62834
63834
63835
63836
63837
64837
64838
64839
65839
66839
67839
67838
67837
68837
69837
69836
69835
69834
70834
71834
71833
72833
72832
72831
71831
71830
72830
72829
72828
73828
73829
74829
74828
74827
75827
76827
76826
76825
77825
77824
77823
78823
79823
80823
81823
82823
83823
84823
84824
84825
84826
84827
84828
85828
85829
86829
86830
85830
85831
84831
83831
83832
82832
81832
80832
79832
79833
79834
80834
80835
81835
82835
82836
83836
84836
84837
84838
85838
85839
86839
86840
87840
88840
88841
89841
89842
90842
91842
92842
92843
91843
90843
89843
89844
89845
90845
90846
90847
89847
89848
89849
88849
88850
87850
87851
86851
86852
85852
85853
86853
86854
85854
84854
84853
83853
82853
82854
83854
83855
83856
82856
82857
83857
84857
84858
84859
83859
82859
82860
82861
82862
82863
81863
80863
79863
78863
78864
77864
77865
78865
78866
78867
77867
77868
76868
75868
75869
76869
77869
78869
78870
77870
76870
75870
74870
74871
73871
73872
73873
74873
74874
75874
75875
75876
75877
75878
74878
73878
72878
71878
71877
71876
70876
70875
69875
69874
69873
69872
69871
68871
67871
67870
66870
66869
65869
65868
64868
64869
63869
63870
63871
62871
61871
60871
60870
59870
59871
59872
59873
59874
59875
58875
57875
57876
57877
57878
56878
55878
55877
54877
53877
52877
52878
51878
50878
50879
50880
49880
49879
48879
48878
48877
48876
49876
49875
48875
47875
47874
47873
48873
49873
49872
50872
51872
51871
52871
52870
52869
51869
50869
49869
49868
49867
48867
47867
46867
46868
46869
45869
45870
45871
45872
44872
43872
42872
42873
42874
41874
41875
40875
40874
39874
39875
38875
38876
38877
38878
37878
37879
38879
38880
39880
40880
40881
40882
39882
38882
38883
38884
37884
37885
38885
38886
38887
38888
38889
37889
37888
36888
35888
35889
35890
35891
35892
34892
33892
32892
31892
30892
30893
30894
30895
29895
28895
28894
27894
26894
25894
25895
25896
24896
24897
25897
25898
26898
26899
27899
28899
28900
29900
29901
29902
29903
30903
30902
31902
32902
32901
33901
34901
34902
34903
35903
35902
36902
36903
36904
35904
34904
33904
32904
31904
31905
32905
33905
33906
32906
32907
31907
31908
30908
29908
29909
29910
28910
27910
27911
27912
28912
29912
30912
31912
32912
32913
31913
31914
31915
32915
33915
33916
33917
33918
32918
32919
33919
33920
34920
34921
33921
32921
32922
32923
31923
31924
30924
30925
30926
29926
28926
28927
28928
29928
30928
31928
31929
31930
31931
31932
31933
30933
29933
28933
28934
28935
27935
26935
26934
27934
27933
27932
26932
25932
24932
24931
24930
24929
23929
23928
22928
22927
21927
20927
19927
19928
19929
18929
17929
16929
15929
15930
15931
14931
14932
15932
15933
14933
14934
15934
15935
15936
16936
17936
18936
19936
19937
20937
21937
21938
21939
20939
19939
19940
20940
21940
21941
22941
23941
23942
24942
25942
25941
25940
26940
26941
26942
26943
26944
27944
28944
28945
28946
29946
30946
31946
31947
32947
32946
33946
33947
34947
35947
35946
35945
36945
37945
37944
38944
38943
38942
39942
39943
40943
40944
40945
41945
42945
42944
43944
43945
43946
43947
44947
44948
45948
45949
46949
47949
48949
48948
47948
47947
48947
49947
50947
51947
52947
52948
52949
52950
52951
52952
52953
51953
50953
49953
49952
48952
48953
48954
48955
49955
49956
48956
48957
48958
49958
49959
49960
50960
51960
51961
52961
52962
53962
53963
54963
54964
54965
53965
53966
53967
53968
52968
51968
50968
50969
49969
49970
49971
49972
48972
48973
49973
50973
51973
51974
52974
52973
52972
53972
54972
54971
54970
55970
55969
54969
54968
54967
55967
56967
56966
57966
58966
58967
58968
59968
59969
59970
59971
60971
61971
62971
62970
63970
63969
64969
64968
64967
64966
65966
66966
67966
67965
67964
68964
69964
70964
70965
70966
71966
72966
72967
73967
74967
75967
76967
77967
77966
78966
78967
78968
78969
78970
78971
79971
79972
78972
78973
77973
77974
77975
77976
78976
79976
80976
80975
81975
82975
82974
82973
83973
84973
84974
84975
84976
83976
83977
83978
83979
83980
82980
82981
82982
82983
83983
84983
84984
85984
85985
84985
84986
84987
84988
84989
83989
82989
82990
81990
81991
82991
83991
84991
85991
85992
84992
84993
84994
84995
84996
84997
85997
85996
86996
86997
87997
88997
88996
89996
90996
91996
91995
91994
91993
92993
93993
93994
93995
94995
94996
94997
95997
96997
97997
97998
98998
98999
99999
