MAZE 10 10
0 0
0 1
0 3
1 0
1 1
1 2
2 0
3 0
4 0
5 0
5 3
6 0
6 1
6 2
7 0
7 2
8 0
8 3
9 0
9 1
9 3
10 1
11 0
11 3
12 1
12 3
13 1
13 3
14 1
14 2
14 3
15 1
15 3
16 0
16 1
17 0
17 2
17 3
18 1
18 3
19 1
19 3
20 1
20 3
21 1
21 2
22 2
22 3
23 1
23 3
24 0
24 1
25 2
25 3
26 1
26 2
27 0
28 2
29 3
30 1
31 0
31 3
32 0
32 1
32 3
33 1
33 2
33 3
34 1
34 2
35 0
35 2
36 0
37 2
37 3
38 0
38 1
38 3
39 1
39 2
39 3
40 1
40 2
40 3
41 1
42 2
43 0
43 2
43 3
44 0
44 1
45 0
45 3
46 1
46 2
47 0
48 2
48 3
49 0
49 1
49 3
50 0
50 1
50 2
52 0
52 2
53 0
53 2
53 3
54 1
54 3
55 1
55 3
56 0
56 1
56 2
58 0
58 3
59 1
59 3
60 0
60 1
60 2
61 2
61 3
62 0
62 1
62 2
63 0
64 3
65 1
65 2
66 0
66 2
67 3
68 1
68 3
69 1
69 3
70 0
70 1
71 0
71 2
71 3
72 0
72 1
72 2
73 3
74 1
74 2
75 0
75 2
75 3
76 0
76 1
76 2
77 3
78 1
78 2
78 3
79 1
79 3
80 1
81 0
82 0
83 2
83 3
84 0
84 1
85 0
86 0
86 2
86 3
87 1
87 3
88 0
88 1
89 2
89 3
90 1
90 2
90 3
91 1
91 2
91 3
92 1
92 2
92 3
93 0
93 1
93 2
94 2
94 3
95 1
95 2
96 0
96 2
97 2
98 2
99 0
99 2
99 3
