MAZE 60 80
0 0
0 1
0 3
1 0
1 1
2 0
2 2
2 3
3 0
3 1
3 3
4 0
4 1
4 3
5 0
5 1
5 2
6 0
6 3
7 0
7 1
8 0
8 2
9 0
10 0
10 2
11 0
11 2
12 0
12 2
12 3
13 0
13 1
13 3
14 0
14 1
15 0
16 0
17 0
17 2
18 0
18 3
19 0
19 1
19 2
20 0
21 0
21 2
21 3
22 0
22 1
23 0
23 3
24 0
24 1
24 2
25 0
26 0
26 2
27 0
27 3
28 0
28 1
28 2
29 0
29 3
30 0
30 1
30 3
31 0
31 1
32 0
33 0
34 0
34 2
34 3
35 0
35 1
35 2
36 0
36 2
37 0
38 0
38 3
39 0
39 1
39 3
40 0
40 1
41 0
41 3
42 0
42 1
42 3
43 0
43 1
43 3
44 0
44 1
45 0
45 2
45 3
46 0
46 1
46 3
47 0
47 1
48 0
48 2
49 0
49 2
50 0
50 3
51 0
51 1
51 2
52 0
52 3
53 0
53 1
53 3
54 0
54 1
54 2
55 0
55 3
56 0
56 1
56 2
57 0
57 3
58 0
58 1
59 0
59 2
59 3
60 0
60 1
61 0
61 3
62 0
62 1
62 2
63 0
63 2
64 0
64 3
65 0
65 1
66 0
66 3
67 0
67 1
67 3
68 0
68 1
68 3
69 0
69 1
69 3
70 0
70 1
70 3
71 0
71 1
71 3
72 0
72 1
73 0
73 2
73 3
74 0
74 1
74 2
75 0
75 2
76 0
76 3
77 0
77 1
78 0
79 0
79 2
79 3
80 1
80 3
81 1
81 3
82 0
82 1
82 2
84 2
84 3
85 0
85 1
85 2
86 2
87 2
87 3
88 0
88 1
88 3
89 1
90 0
90 2
91 0
91 2
91 3
92 0
92 1
94 2
94 3
95 1
95 3
96 1
96 3
97 0
97 1
97 2
98 2
98 3
99 0
99 1
99 3
100 1
100 3
101 0
101 1
101 3
102 1
102 3
103 1
103 2
103 3
104 0
104 1
104 3
105 1
105 3
106 0
106 1
106 2
107 3
108 0
108 1
108 3
109 1
109 2
110 3
111 1
111 2
111 3
112 1
112 3
113 1
113 2
114 0
114 3
115 0
115 1
115 2
116 0
117 2
117 3
118 1
118 3
119 1
119 3
120 1
120 3
121 1
121 3
122 1
122 3
123 1
123 3
124 1
124 3
125 0
125 1
125 3
126 1
126 3
127 1
128 0
128 3
129 0
129 1
129 2
130 2
131 0
132 3
133 1
134 0
134 2
134 3
135 1
135 2
136 0
136 2
138 3
139 0
139 1
139 2
140 3
141 1
141 2
141 3
142 0
142 1
142 3
143 0
143 1
143 2
145 3
146 1
146 2
147 3
148 1
148 3
149 1
149 3
150 1
150 2
151 2
153 0
153 2
154 0
155 0
155 2
155 3
156 1
156 2
157 2
157 3
158 1
159 0
159 3
160 1
160 2
161 2
162 0
162 3
163 1
164 0
164 2
165 0
166 0
166 3
167 0
167 1
167 2
168 3
169 1
169 2
170 0
171 0
171 3
172 1
172 2
172 3
173 1
174 0
174 2
174 3
175 1
175 2
175 3
176 1
176 2
176 3
177 0
177 1
178 0
178 2
179 2
180 2
181 3
182 1
183 0
183 2
183 3
184 1
184 3
185 1
185 3
186 0
186 1
187 2
188 2
189 0
189 2
190 2
191 0
192 2
193 0
193 2
193 3
194 1
194 2
195 0
195 3
196 1
196 3
197 0
197 1
197 2
198 2
199 2
200 2
200 3
201 1
201 2
201 3
202 1
203 3
204 1
205 2
206 2
206 3
207 1
207 2
207 3
208 1
209 0
210 0
210 2
210 3
211 1
211 2
211 3
212 1
212 2
212 3
213 1
213 2
214 0
214 2
215 0
216 0
217 2
217 3
218 1
218 2
218 3
219 0
219 1
219 3
220 1
220 2
221 0
221 3
222 1
222 3
223 0
223 1
223 2
224 2
224 3
225 1
225 2
225 3
226 0
226 1
227 2
227 3
228 1
228 3
229 1
229 2
230 0
230 2
231 0
232 3
233 0
233 1
233 2
234 2
235 0
235 3
236 0
236 1
237 0
237 2
238 2
238 3
239 1
239 3
240 0
240 1
240 3
241 0
241 1
242 2
242 3
243 1
243 2
244 0
244 2
244 3
245 1
245 2
245 3
246 1
247 0
247 2
249 0
250 3
251 1
251 2
252 0
252 2
253 2
254 0
254 3
255 0
255 1
255 2
256 0
256 2
257 2
258 0
259 0
260 0
260 2
260 3
261 1
261 2
262 2
263 0
263 3
264 1
265 3
266 1
266 2
267 0
268 0
268 2
269 0
269 3
270 0
270 1
270 2
271 2
271 3
272 0
272 1
272 3
273 0
273 1
273 2
274 0
274 3
275 1
276 2
277 0
277 3
278 0
278 1
278 2
279 0
279 3
280 0
280 1
280 3
281 0
281 1
281 2
282 2
282 3
283 1
283 2
284 3
285 0
285 1
286 0
286 2
286 3
287 0
287 1
287 2
288 2
288 3
289 1
289 3
290 0
290 1
290 3
291 0
291 1
291 3
292 0
292 1
292 2
293 0
294 0
294 2
295 3
296 1
296 3
297 0
297 1
297 2
298 0
298 3
299 1
299 2
300 0
300 3
301 1
301 3
302 1
303 0
303 2
304 0
304 2
305 0
305 2
306 2
307 0
309 0
309 2
309 3
310 0
310 1
311 3
312 1
312 2
312 3
313 0
313 1
313 3
314 0
314 1
314 3
315 1
316 2
317 0
317 2
318 0
318 2
318 3
319 1
319 2
319 3
320 1
320 2
321 3
322 0
322 1
323 0
324 0
324 3
325 0
325 1
325 3
326 1
326 2
326 3
327 0
327 1
327 3
328 1
328 2
328 3
329 1
329 3
330 1
330 2
331 0
331 3
332 0
332 1
332 2
333 0
333 2
334 2
334 3
335 0
335 1
335 2
336 0
336 3
337 0
337 1
338 3
339 1
339 2
339 3
340 0
340 1
340 2
341 0
341 3
342 0
342 1
342 2
343 3
344 1
344 2
344 3
345 1
345 3
346 0
346 1
347 3
348 0
348 1
348 3
349 1
349 2
349 3
350 0
350 1
350 3
351 0
351 1
351 2
352 2
353 0
353 2
354 3
355 1
355 3
356 0
356 1
356 2
357 2
358 0
358 2
358 3
359 1
359 3
360 1
360 2
361 0
361 3
362 0
362 1
362 3
363 0
363 1
364 2
365 2
366 0
366 2
366 3
367 0
367 1
368 0
369 2
372 0
372 2
372 3
373 1
373 2
373 3
374 0
374 1
374 2
375 3
376 1
377 0
377 2
377 3
378 1
378 2
379 0
379 2
380 3
381 1
381 2
382 3
383 0
383 1
383 2
384 0
384 3
385 0
385 1
385 2
386 0
387 3
388 1
388 3
389 0
389 1
390 3
391 1
391 2
392 0
392 3
393 1
394 2
394 3
395 1
395 3
396 0
396 1
397 0
397 2
397 3
398 0
398 1
399 0
399 2
399 3
400 0
400 1
402 2
402 3
403 1
403 2
403 3
404 1
405 3
406 0
406 1
407 2
408 0
408 2
410 0
410 2
410 3
411 1
411 2
411 3
412 0
412 1
413 0
414 0
414 2
414 3
415 0
415 1
416 2
416 3
417 1
417 2
417 3
418 1
418 2
419 0
419 3
420 0
420 1
420 2
421 3
422 0
422 1
422 2
424 0
424 3
425 1
425 2
425 3
426 1
426 2
426 3
427 1
427 3
428 1
428 2
429 0
430 2
431 0
431 2
432 0
433 0
434 2
436 0
436 2
436 3
437 0
437 1
438 0
438 3
439 1
439 3
440 0
440 1
440 3
441 1
441 2
442 3
443 1
443 3
444 0
444 1
445 0
445 2
445 3
446 0
446 1
446 2
447 3
448 1
448 3
449 0
449 1
449 2
450 3
451 1
451 3
452 0
452 1
453 0
453 3
454 0
454 1
455 3
456 1
456 2
456 3
457 0
457 1
457 2
458 0
459 0
460 2
460 3
461 0
461 1
463 0
463 3
464 1
464 2
465 0
465 2
466 3
467 1
467 3
468 1
468 2
469 2
469 3
470 1
470 2
471 0
471 3
472 1
472 3
473 1
474 0
475 2
477 0
477 3
478 1
478 3
479 0
479 1
479 3
480 1
480 2
480 3
481 1
481 2
482 0
482 2
482 3
483 0
483 1
484 3
485 1
485 2
485 3
486 1
487 0
487 3
488 0
488 1
488 2
490 0
491 0
491 2
492 3
493 1
493 2
493 3
494 0
494 1
496 0
496 2
496 3
497 0
497 1
497 3
498 0
498 1
498 2
499 3
500 0
500 1
500 3
501 1
501 3
502 0
502 1
502 2
503 2
503 3
504 1
504 2
504 3
505 0
505 1
505 2
506 0
506 3
507 1
507 3
508 0
508 1
508 2
509 2
510 0
511 0
511 2
511 3
512 1
512 3
513 1
513 2
514 0
514 2
514 3
515 1
515 2
516 0
516 2
517 3
518 1
518 2
518 3
519 1
520 2
521 0
521 2
521 3
522 1
522 2
524 2
524 3
525 0
525 1
525 2
526 0
527 2
527 3
528 1
528 2
529 0
529 2
529 3
530 1
530 3
531 1
531 2
531 3
532 1
532 3
533 1
533 2
533 3
534 1
534 3
535 1
535 2
535 3
536 0
536 1
537 0
538 2
538 3
539 1
539 2
539 3
540 0
540 1
541 2
541 3
542 1
542 2
542 3
543 1
544 0
545 0
545 3
546 1
546 2
546 3
547 1
547 3
548 0
548 1
548 3
549 0
549 1
549 3
550 0
550 1
550 3
551 1
551 3
552 1
552 3
553 1
553 3
554 1
554 2
554 3
555 0
555 1
556 2
556 3
557 1
557 2
557 3
558 1
558 3
559 1
559 3
560 0
560 1
561 0
561 2
562 0
562 2
562 3
563 1
563 2
563 3
564 1
564 2
565 0
565 2
566 2
566 3
567 1
567 3
568 0
568 1
568 3
569 1
569 2
569 3
570 1
570 2
570 3
571 0
571 1
572 2
572 3
573 0
573 1
574 3
575 1
575 2
576 0
577 2
577 3
578 0
578 1
579 2
580 3
581 1
581 3
582 0
582 1
583 0
583 2
583 3
584 0
584 1
585 0
585 2
585 3
586 1
586 3
587 1
587 2
588 0
588 2
588 3
589 0
589 1
589 2
590 2
591 0
591 3
592 1
592 2
593 0
593 2
594 0
594 2
595 0
595 2
596 0
596 3
597 1
597 2
598 0
598 3
599 1
599 2
600 0
601 0
602 0
602 2
604 0
605 0
605 2
606 2
607 0
607 3
608 0
608 1
608 3
609 0
609 1
609 2
610 2
611 0
612 2
613 0
613 2
613 3
614 1
615 0
616 3
617 1
618 0
618 2
619 0
619 3
620 1
620 3
621 0
621 1
621 2
622 0
623 2
623 3
624 1
624 3
625 1
625 2
625 3
626 0
626 1
626 2
627 2
627 3
628 1
628 2
629 3
630 1
630 2
631 3
632 1
632 2
632 3
633 1
633 2
633 3
634 0
634 1
634 2
635 2
635 3
636 0
636 1
636 3
637 0
637 1
637 2
639 2
639 3
640 1
641 0
641 2
642 0
643 0
643 2
643 3
644 0
644 1
644 3
645 0
645 1
645 2
646 0
646 2
647 2
648 3
649 0
649 1
649 3
650 0
650 1
650 2
652 0
652 2
653 3
654 1
654 3
655 0
655 1
655 2
656 3
657 0
657 1
657 2
658 2
659 0
659 3
660 1
660 2
660 3
661 1
663 0
663 2
664 2
664 3
665 0
665 1
665 2
667 0
667 2
668 0
668 2
669 0
670 0
670 2
671 2
671 3
672 0
672 1
673 0
673 2
674 0
674 3
675 0
675 1
675 2
676 3
677 0
677 1
677 3
678 1
678 2
679 0
679 2
679 3
680 1
680 2
680 3
681 1
681 3
682 0
682 1
682 3
683 1
683 2
683 3
684 1
685 0
686 0
686 2
686 3
687 1
688 2
689 0
689 2
689 3
690 0
690 1
690 2
692 0
693 0
693 3
694 1
694 2
694 3
695 1
695 3
696 1
696 2
696 3
697 1
697 3
698 0
698 1
698 2
699 3
700 1
701 0
701 2
701 3
702 1
702 2
702 3
703 0
703 1
703 3
704 1
704 2
705 0
705 2
705 3
706 0
706 1
706 2
707 0
707 3
708 0
708 1
710 0
710 2
711 2
712 0
713 0
713 2
714 0
714 2
715 0
716 2
717 0
717 2
718 2
718 3
719 0
719 1
719 3
720 1
720 3
721 0
721 1
721 2
722 3
723 0
723 1
723 3
724 1
724 2
725 0
725 3
726 0
726 1
727 0
727 3
728 1
728 2
729 2
730 0
730 3
731 1
731 2
731 3
732 0
732 1
732 3
733 1
733 2
733 3
734 1
734 2
734 3
735 0
735 1
736 3
737 0
737 1
737 2
738 0
738 2
739 2
740 0
740 3
741 1
741 2
741 3
742 1
742 2
743 0
743 3
744 0
744 1
744 2
745 0
745 3
746 1
746 2
746 3
747 0
747 1
748 0
748 2
749 2
749 3
750 0
750 1
750 3
751 0
751 1
751 2
752 2
753 0
753 2
753 3
754 1
755 0
755 2
757 2
758 0
758 3
759 0
759 1
759 3
760 0
760 1
760 2
761 2
761 3
762 1
762 3
763 0
763 1
764 2
764 3
765 1
765 2
766 0
766 2
766 3
767 1
767 2
767 3
768 0
768 1
768 3
769 0
769 1
770 0
770 2
770 3
771 1
771 2
771 3
772 1
772 3
773 1
773 2
774 0
774 2
775 2
776 0
776 2
776 3
777 1
777 2
778 0
778 2
778 3
779 1
779 2
780 2
780 3
781 0
781 1
781 3
782 0
782 1
783 2
783 3
784 0
784 1
784 2
785 0
786 0
786 2
787 2
787 3
788 1
788 3
789 1
789 3
790 0
790 1
790 3
791 0
791 1
791 2
793 0
793 2
793 3
794 0
794 1
796 0
796 2
797 0
797 3
798 0
798 1
799 3
800 1
800 2
800 3
801 0
801 1
801 2
802 3
803 1
803 3
804 0
804 1
804 2
805 3
806 1
806 3
807 1
807 2
807 3
808 0
808 1
809 0
810 2
811 0
811 2
813 0
813 2
813 3
814 0
814 1
815 2
815 3
816 1
816 2
816 3
817 0
817 1
818 0
818 2
819 0
819 2
821 0
821 2
821 3
822 0
822 1
823 2
824 0
824 2
824 3
825 1
825 2
826 0
826 2
828 0
828 2
828 3
829 0
829 1
829 3
830 1
830 3
831 0
831 1
832 0
832 2
833 0
833 2
834 2
835 0
835 2
835 3
836 1
837 0
837 3
838 1
838 2
838 3
839 1
839 2
840 0
841 0
841 3
842 1
843 3
844 0
844 1
845 0
846 0
846 2
847 0
847 2
848 3
849 1
849 2
850 0
850 2
851 0
852 2
853 0
853 3
854 0
854 1
854 2
855 0
855 3
856 0
856 1
857 0
857 2
857 3
858 0
858 1
859 0
859 2
859 3
860 0
860 1
860 2
861 2
862 3
863 0
863 1
864 0
864 3
865 1
866 0
866 2
867 0
867 3
868 1
868 2
868 3
869 1
869 2
870 2
870 3
871 0
871 1
871 3
872 1
872 2
872 3
873 0
873 1
874 3
875 1
875 3
876 0
876 1
876 2
878 2
878 3
879 1
879 2
879 3
880 0
880 1
881 0
881 3
882 1
883 2
883 3
884 0
884 1
884 3
885 1
887 0
887 2
887 3
888 1
888 2
888 3
889 1
889 2
889 3
890 0
890 1
890 2
891 0
891 3
892 1
892 2
892 3
893 0
893 1
893 2
894 3
895 0
895 1
895 3
896 0
896 1
896 3
897 1
897 2
897 3
898 0
898 1
898 2
899 0
899 2
900 3
901 0
901 1
901 2
902 2
903 0
903 2
904 0
905 0
905 3
906 0
906 1
906 3
907 1
907 2
908 0
908 3
909 1
909 2
910 3
911 1
911 3
912 0
912 1
913 0
913 2
914 0
915 0
916 3
917 1
917 2
917 3
918 0
918 1
918 3
919 0
919 1
919 3
920 1
920 3
921 1
921 2
921 3
922 1
922 2
922 3
923 1
923 2
924 3
925 1
925 2
926 0
926 3
927 0
927 1
928 2
928 3
929 0
929 1
930 0
930 2
931 2
931 3
932 0
932 1
932 3
933 1
933 2
934 0
935 2
936 3
937 0
937 1
938 3
939 0
939 1
939 2
940 0
940 2
941 0
942 2
943 2
943 3
944 1
944 2
945 2
945 3
946 0
946 1
947 2
948 0
949 0
949 2
949 3
950 0
950 1
950 3
951 1
951 2
952 0
952 2
953 3
954 1
954 2
954 3
955 1
955 2
955 3
956 0
956 1
957 2
958 0
959 0
959 2
959 3
960 1
960 3
961 1
961 2
962 2
962 3
963 0
963 1
963 3
964 1
965 2
965 3
966 1
966 2
967 0
968 0
968 3
969 0
969 1
970 0
970 2
970 3
971 1
971 2
972 0
972 2
973 0
974 2
975 3
976 1
977 0
978 0
978 2
978 3
979 0
979 1
979 3
980 1
980 2
981 0
982 0
982 2
983 0
984 2
984 3
985 1
987 0
987 2
988 2
988 3
989 0
989 1
989 3
990 1
991 2
991 3
992 1
992 3
993 0
993 1
993 3
994 1
994 3
995 1
995 2
995 3
996 1
997 0
999 2
999 3
1000 1
1000 2
1001 0
1001 3
1002 0
1002 1
1002 3
1003 0
1003 1
1003 2
1005 0
1005 3
1006 1
1006 2
1006 3
1007 1
1008 0
1008 3
1009 1
1009 2
1010 0
1010 2
1010 3
1011 0
1011 1
1013 0
1013 2
1013 3
1014 1
1015 0
1015 2
1015 3
1016 1
1016 2
1016 3
1017 1
1017 2
1017 3
1018 1
1018 3
1019 0
1019 1
1020 0
1020 3
1021 1
1021 3
1022 0
1022 1
1023 0
1023 2
1023 3
1024 0
1024 1
1025 0
1025 3
1026 1
1026 2
1026 3
1027 0
1027 1
1027 2
1028 2
1028 3
1029 0
1029 1
1029 3
1030 1
1030 2
1031 0
1031 2
1032 0
1033 2
1033 3
1034 0
1034 1
1034 2
1035 0
1035 3
1036 1
1036 3
1037 0
1037 1
1037 3
1038 1
1039 0
1039 3
1040 1
1040 3
1041 0
1041 1
1042 0
1042 2
1044 2
1045 0
1046 0
1046 2
1046 3
1047 1
1047 3
1048 1
1048 2
1049 2
1050 0
1050 3
1051 0
1051 1
1051 2
1052 0
1052 3
1053 1
1053 2
1054 0
1054 2
1054 3
1055 1
1056 2
1056 3
1057 1
1057 2
1058 0
1058 2
1058 3
1059 1
1059 3
1060 0
1060 1
1060 3
1061 1
1061 3
1062 0
1062 1
1062 3
1063 1
1064 0
1064 2
1064 3
1065 1
1065 2
1065 3
1066 1
1066 2
1067 0
1068 0
1069 2
1069 3
1070 1
1070 2
1071 0
1071 2
1071 3
1072 1
1073 2
1073 3
1074 1
1074 3
1075 0
1075 1
1075 2
1076 2
1076 3
1077 1
1077 2
1077 3
1078 1
1079 0
1079 2
1080 0
1080 2
1081 2
1081 3
1082 1
1083 0
1083 3
1084 1
1084 3
1085 1
1085 2
1086 0
1086 3
1087 1
1087 3
1088 1
1088 2
1089 0
1089 3
1090 0
1090 1
1090 3
1091 1
1091 3
1092 1
1093 0
1093 2
1093 3
1094 1
1095 0
1095 3
1096 0
1096 1
1096 2
1097 0
1097 3
1098 1
1099 2
1099 3
1100 1
1100 3
1101 1
1101 2
1103 0
1103 2
1103 3
1104 1
1104 3
1105 1
1105 2
1106 0
1106 3
1107 0
1107 1
1108 0
1108 2
1109 3
1110 0
1110 1
1111 0
1111 2
1111 3
1112 1
1113 0
1113 2
1114 0
1114 3
1115 1
1116 3
1117 1
1117 2
1118 3
1119 1
1119 3
1120 1
1120 2
1121 3
1122 0
1122 1
1123 3
1124 0
1124 1
1124 3
1125 1
1125 2
1126 0
1126 2
1126 3
1127 1
1127 2
1128 0
1129 0
1129 2
1129 3
1130 1
1131 0
1131 3
1132 1
1132 2
1133 0
1133 3
1134 0
1134 1
1134 2
1136 0
1136 2
1136 3
1137 0
1137 1
1137 3
1138 0
1138 1
1138 2
1139 3
1140 1
1140 2
1141 3
1142 1
1142 3
1143 1
1143 2
1143 3
1144 0
1144 1
1144 2
1145 0
1146 0
1146 2
1147 3
1148 1
1148 2
1148 3
1149 0
1149 1
1150 0
1150 2
1151 0
1151 2
1151 3
1152 1
1152 2
1152 3
1153 0
1153 1
1153 3
1154 1
1154 3
1155 0
1155 1
1155 2
1156 0
1156 3
1157 0
1157 1
1158 3
1159 0
1159 1
1160 0
1160 2
1161 0
1161 3
1162 1
1162 2
1162 3
1163 1
1164 3
1165 0
1165 1
1165 2
1166 2
1166 3
1167 1
1167 2
1167 3
1168 0
1168 1
1169 2
1170 2
1170 3
1171 1
1171 2
1171 3
1172 1
1173 0
1173 3
1174 1
1174 3
1175 1
1175 2
1176 0
1178 2
1178 3
1179 0
1179 1
1179 3
1180 1
1180 2
1180 3
1181 0
1181 1
1181 2
1183 0
1183 2
1183 3
1184 1
1184 2
1184 3
1185 0
1185 1
1187 2
1188 0
1188 2
1188 3
1189 1
1189 2
1189 3
1190 1
1190 2
1191 0
1191 2
1193 0
1193 2
1193 3
1194 1
1194 2
1194 3
1195 1
1195 2
1195 3
1196 1
1197 0
1197 2
1197 3
1198 1
1198 3
1199 1
1199 2
1199 3
1200 0
1200 1
1201 2
1201 3
1202 1
1202 2
1202 3
1203 1
1203 3
1204 1
1204 3
1205 0
1205 1
1206 0
1207 0
1207 2
1207 3
1208 1
1208 2
1208 3
1209 0
1209 1
1209 2
1210 3
1211 1
1211 2
1212 0
1213 2
1213 3
1214 0
1214 1
1215 2
1215 3
1216 0
1216 1
1217 2
1218 0
1219 2
1220 0
1221 2
1221 3
1222 1
1222 2
1223 0
1223 3
1224 0
1224 1
1225 3
1226 0
1226 1
1226 2
1227 2
1228 0
1228 2
1228 3
1229 1
1230 0
1230 2
1231 0
1231 2
1232 0
1232 2
1232 3
1233 1
1233 2
1234 2
1235 0
1235 2
1235 3
1236 1
1237 2
1237 3
1238 1
1238 2
1239 2
1239 3
1240 0
1240 1
1240 3
1241 1
1241 2
1241 3
1242 0
1242 1
1243 2
1243 3
1244 1
1244 2
1245 0
1245 2
1246 0
1246 2
1246 3
1247 0
1247 1
1247 3
1248 1
1248 2
1249 0
1249 2
1250 0
1251 0
1251 2
1252 2
1252 3
1253 1
1253 2
1253 3
1254 1
1254 2
1255 0
1255 2
1255 3
1256 1
1256 3
1257 1
1257 2
1257 3
1258 0
1258 1
1258 3
1259 1
1260 0
1260 2
1261 0
1261 3
1262 1
1263 0
1263 2
1263 3
1264 0
1264 1
1265 3
1266 1
1266 2
1266 3
1267 0
1267 1
1267 3
1268 0
1268 1
1268 2
1269 0
1269 3
1270 0
1270 1
1271 0
1271 2
1272 2
1273 0
1273 2
1274 0
1274 3
1275 0
1275 1
1275 3
1276 1
1276 2
1277 0
1277 2
1277 3
1278 1
1278 2
1279 0
1279 3
1280 1
1281 0
1281 2
1281 3
1282 0
1282 1
1282 2
1284 2
1284 3
1285 1
1285 3
1286 1
1286 2
1286 3
1287 0
1287 1
1287 3
1288 0
1288 1
1288 2
1289 0
1289 3
1290 1
1290 2
1290 3
1291 0
1291 1
1291 2
1292 3
1293 0
1293 1
1293 2
1294 2
1295 0
1295 3
1296 1
1296 3
1297 0
1297 1
1298 3
1299 0
1299 1
1299 2
1300 2
1300 3
1301 0
1301 1
1301 3
1302 0
1302 1
1302 3
1303 1
1303 3
1304 1
1304 3
1305 1
1305 3
1306 0
1306 1
1306 3
1307 0
1307 1
1308 0
1308 2
1308 3
1309 1
1310 0
1311 0
1311 2
1311 3
1312 0
1312 1
1313 0
1313 2
1313 3
1314 0
1314 1
1315 0
1315 3
1316 1
1316 2
1317 0
1318 0
1318 2
1319 0
1319 2
1319 3
1320 1
1320 3
1321 0
1321 1
1321 2
1322 3
1323 0
1323 1
1324 0
1324 2
1325 0
1325 2
1326 0
1327 2
1327 3
1328 0
1328 1
1329 0
1329 3
1330 1
1330 3
1331 0
1331 1
1331 2
1332 0
1332 3
1333 0
1333 1
1334 0
1334 2
1334 3
1335 0
1335 1
1337 0
1337 3
1338 1
1338 2
1339 2
1340 0
1340 3
1341 1
1342 2
1343 0
1344 2
1344 3
1345 1
1345 3
1346 0
1346 1
1347 3
1348 0
1348 1
1348 2
1349 3
1350 1
1350 2
1351 0
1352 0
1352 2
1352 3
1353 0
1353 1
1353 2
1354 3
1355 1
1355 2
1356 0
1356 3
1357 0
1357 1
1357 3
1358 0
1358 1
1359 3
1360 1
1360 2
1360 3
1361 0
1361 1
1362 0
1362 3
1363 1
1363 3
1364 0
1364 1
1365 2
1366 0
1366 2
1367 2
1367 3
1368 0
1368 1
1368 3
1369 1
1370 0
1370 2
1370 3
1371 0
1371 1
1371 3
1372 1
1372 3
1373 0
1373 1
1373 2
1374 0
1374 2
1376 3
1377 1
1377 2
1377 3
1378 1
1378 2
1379 0
1380 0
1381 2
1381 3
1382 1
1382 2
1384 3
1385 1
1385 2
1386 2
1386 3
1387 1
1387 3
1388 0
1388 1
1389 3
1390 1
1390 2
1391 0
1391 3
1392 1
1392 3
1393 0
1393 1
1393 3
1394 1
1394 3
1395 1
1395 2
1395 3
1396 0
1396 1
1396 3
1397 1
1398 0
1398 2
1399 0
1399 2
1399 3
1400 1
1400 2
1401 0
1402 3
1403 1
1403 3
1404 0
1404 1
1404 3
1405 0
1405 1
1405 2
1406 3
1407 0
1407 1
1407 2
1408 2
1408 3
1409 1
1410 2
1411 0
1411 2
1411 3
1412 1
1412 2
1414 0
1414 2
1414 3
1415 1
1415 2
1415 3
1416 1
1416 2
1416 3
1417 1
1417 2
1418 0
1418 2
1419 0
1419 2
1419 3
1420 1
1420 2
1420 3
1421 1
1421 3
1422 0
1422 1
1422 3
1423 1
1423 2
1423 3
1424 0
1424 1
1425 3
1426 1
1426 2
1426 3
1427 1
1427 2
1428 0
1428 3
1429 1
1430 0
1430 2
1430 3
1431 1
1432 0
1432 2
1433 0
1433 2
1433 3
1434 1
1434 3
1435 0
1435 1
1435 2
1436 2
1437 3
1438 1
1438 2
1438 3
1439 1
1439 2
1439 3
1440 0
1440 1
1440 2
1441 3
1442 1
1443 2
1444 2
1445 0
1445 2
1446 0
1446 3
1447 0
1447 1
1447 2
1449 3
1450 0
1450 1
1450 2
1451 2
1452 2
1452 3
1453 0
1453 1
1453 2
1454 0
1454 3
1455 1
1455 3
1456 1
1457 0
1457 3
1458 0
1458 1
1458 2
1459 2
1459 3
1460 1
1460 2
1460 3
1461 0
1461 1
1461 2
1462 0
1463 3
1464 1
1464 2
1464 3
1465 0
1465 1
1465 2
1466 0
1466 2
1468 2
1468 3
1469 1
1469 2
1469 3
1470 0
1470 1
1470 2
1471 2
1471 3
1472 1
1473 3
1474 1
1475 0
1477 2
1478 0
1478 3
1479 0
1479 1
1479 2
1480 0
1480 3
1481 1
1481 3
1482 1
1482 3
1483 1
1483 2
1483 3
1484 1
1484 2
1485 0
1485 3
1486 1
1486 2
1487 0
1487 2
1488 0
1488 2
1489 2
1490 0
1491 0
1491 3
1492 0
1492 1
1492 3
1493 1
1494 0
1494 2
1494 3
1495 0
1495 1
1495 3
1496 0
1496 1
1497 0
1497 2
1498 0
1498 3
1499 0
1499 1
1499 2
1500 0
1500 3
1501 1
1501 2
1502 2
1502 3
1503 0
1503 1
1503 2
1504 3
1505 1
1505 3
1506 0
1506 1
1506 2
1507 0
1507 2
1508 2
1509 3
1510 0
1510 1
1510 3
1511 1
1511 2
1512 0
1513 0
1513 3
1514 1
1514 2
1514 3
1515 0
1515 1
1515 3
1516 0
1516 1
1517 2
1518 0
1518 3
1519 0
1519 1
1519 3
1520 0
1520 1
1520 2
1521 2
1521 3
1522 1
1523 0
1523 2
1523 3
1524 0
1524 1
1524 2
1525 0
1526 2
1527 0
1527 2
1528 2
1528 3
1529 1
1529 2
1530 0
1530 2
1530 3
1531 0
1531 1
1531 3
1532 0
1532 1
1533 0
1533 2
1533 3
1534 1
1535 3
1536 1
1536 2
1536 3
1537 1
1537 2
1538 0
1539 0
1539 2
1539 3
1540 0
1540 1
1540 2
1541 0
1542 2
1542 3
1543 1
1543 2
1544 0
1544 2
1545 0
1545 2
1546 0
1546 2
1548 0
1549 0
1549 2
1549 3
1550 0
1550 1
1551 0
1551 2
1551 3
1552 1
1552 2
1552 3
1553 1
1553 3
1554 1
1554 3
1555 1
1555 3
1556 1
1556 3
1557 0
1557 1
1558 3
1559 0
1559 1
1559 2
1560 2
1561 3
1562 1
1562 2
1563 0
1564 0
1564 2
1564 3
1565 1
1565 3
1566 0
1566 1
1566 3
1567 0
1567 1
1567 2
1568 0
1568 3
1569 0
1569 1
1569 3
1570 1
1570 2
1570 3
1571 1
1571 3
1572 1
1572 2
1573 2
1574 0
1576 2
1577 0
1577 2
1577 3
1578 1
1579 0
1579 3
1580 1
1580 3
1581 0
1581 1
1581 3
1582 0
1582 1
1582 2
1583 0
1583 2
1584 3
1585 1
1586 0
1586 2
1586 3
1587 0
1587 1
1587 2
1588 0
1588 2
1589 3
1590 1
1590 3
1591 0
1591 1
1591 2
1592 3
1593 1
1593 2
1594 0
1595 2
1596 2
1596 3
1597 0
1597 1
1599 3
1600 0
1600 1
1600 2
1601 0
1602 3
1603 0
1603 1
1603 3
1604 0
1604 1
1604 2
1606 0
1606 2
1607 0
1608 0
1608 2
1608 3
1609 0
1609 1
1609 2
1610 0
1610 3
1611 1
1612 2
1612 3
1613 0
1613 1
1613 2
1614 2
1614 3
1615 1
1615 2
1616 0
1616 2
1616 3
1617 0
1617 1
1617 2
1618 3
1619 0
1619 1
1619 2
1620 0
1620 2
1621 2
1621 3
1622 0
1622 1
1622 3
1623 0
1623 1
1624 0
1624 2
1624 3
1625 0
1625 1
1626 0
1626 2
1627 2
1627 3
1628 1
1629 0
1629 2
1629 3
1630 1
1630 3
1631 0
1631 1
1632 0
1632 2
1632 3
1633 1
1633 2
1634 3
1635 1
1635 2
1635 3
1636 1
1636 2
1636 3
1637 1
1637 2
1637 3
1638 1
1638 2
1638 3
1639 0
1639 1
1639 2
1640 0
1640 2
1641 3
1642 0
1642 1
1642 2
1643 3
1644 0
1644 1
1644 2
1645 3
1646 1
1646 2
1647 0
1648 2
1649 2
1650 0
1650 3
1651 1
1651 3
1652 0
1652 1
1652 3
1653 0
1653 1
1653 3
1654 1
1654 3
1655 1
1655 3
1656 0
1656 1
1656 2
1657 0
1657 2
1658 2
1658 3
1659 1
1659 2
1660 2
1660 3
1661 1
1662 0
1662 3
1663 0
1663 1
1663 3
1664 1
1664 2
1664 3
1665 1
1665 2
1666 0
1666 2
1667 0
1667 2
1668 0
1669 2
1669 3
1670 1
1670 3
1671 0
1671 1
1671 3
1672 1
1672 2
1673 0
1673 3
1674 1
1675 0
1675 2
1676 0
1676 2
1676 3
1677 1
1677 2
1677 3
1678 1
1678 2
1678 3
1679 1
1679 3
1680 0
1680 1
1680 2
1681 3
1682 1
1682 3
1683 1
1683 3
1684 0
1684 1
1684 3
1685 1
1685 2
1685 3
1686 0
1686 1
1686 2
1687 2
1688 0
1688 3
1689 0
1689 1
1690 2
1690 3
1691 1
1692 0
1692 2
1693 0
1693 2
1694 0
1694 2
1694 3
1695 0
1695 1
1695 3
1696 0
1696 1
1696 2
1697 0
1697 3
1698 1
1699 0
1699 3
1700 0
1700 1
1700 3
1701 0
1701 1
1701 2
1702 3
1703 1
1703 2
1704 0
1705 2
1706 0
1706 2
1706 3
1707 0
1707 1
1708 2
1708 3
1709 0
1709 1
1709 2
1710 2
1711 2
1712 0
1712 2
1713 0
1713 3
1714 1
1715 0
1716 0
1716 2
1717 0
1717 2
1718 0
1718 3
1719 0
1719 1
1720 0
1720 2
1720 3
1721 1
1721 3
1722 0
1722 1
1722 2
1723 2
1723 3
1724 0
1724 1
1724 2
1726 0
1726 2
1727 2
1728 0
1728 2
1728 3
1729 0
1729 1
1729 3
1730 1
1730 2
1730 3
1731 1
1731 2
1732 2
1732 3
1733 1
1733 2
1734 2
1734 3
1735 1
1736 0
1736 2
1736 3
1737 0
1737 1
1737 3
1738 0
1738 1
1738 2
1739 0
1739 3
1740 0
1740 1
1740 2
1741 2
1741 3
1742 1
1744 0
1744 3
1745 0
1745 1
1745 3
1746 0
1746 1
1747 0
1747 2
1748 2
1749 0
1749 2
1752 0
1752 2
1753 3
1754 1
1754 2
1755 0
1756 0
1756 3
1757 0
1757 1
1757 2
1758 0
1758 2
1759 2
1759 3
1760 0
1760 1
1760 3
1761 1
1761 2
1761 3
1762 1
1762 2
1763 3
1764 1
1764 3
1765 0
1765 1
1765 2
1766 0
1766 2
1767 0
1767 3
1768 1
1769 3
1770 0
1770 1
1770 2
1772 0
1772 3
1773 0
1773 1
1773 2
1774 0
1774 2
1775 2
1776 0
1777 2
1777 3
1778 1
1778 3
1779 1
1780 2
1780 3
1781 0
1781 1
1782 2
1782 3
1783 0
1783 1
1785 0
1785 2
1785 3
1786 0
1786 1
1786 2
1787 2
1788 0
1788 2
1789 0
1789 2
1789 3
1790 0
1790 1
1791 0
1791 2
1791 3
1792 0
1792 1
1792 2
1793 3
1794 1
1794 2
1794 3
1795 1
1795 2
1796 0
1797 0
1797 2
1797 3
1798 1
1798 2
1799 2
1799 3
1800 0
1800 1
1801 2
1802 0
1802 3
1803 0
1803 1
1803 3
1804 0
1804 1
1804 2
1805 3
1806 0
1806 1
1806 3
1807 0
1807 1
1808 0
1808 2
1808 3
1809 1
1809 2
1810 0
1810 3
1811 0
1811 1
1811 2
1812 0
1812 2
1813 0
1813 2
1814 0
1814 3
1815 1
1815 2
1816 0
1816 3
1817 1
1817 3
1818 0
1818 1
1819 2
1819 3
1820 0
1820 1
1820 2
1821 0
1821 3
1822 1
1822 2
1822 3
1823 1
1823 3
1824 1
1824 3
1825 1
1825 3
1826 1
1826 2
1826 3
1827 0
1827 1
1828 0
1829 0
1829 2
1830 3
1831 1
1831 2
1831 3
1832 0
1832 1
1832 2
1833 2
1833 3
1834 0
1834 1
1834 2
1835 2
1835 3
1836 1
1836 3
1837 0
1837 1
1837 3
1838 0
1838 1
1838 3
1839 0
1839 1
1839 3
1840 1
1841 0
1841 2
1842 0
1842 3
1843 1
1844 2
1845 0
1845 3
1846 0
1846 1
1846 2
1847 2
1848 2
1848 3
1849 1
1850 0
1850 2
1851 2
1851 3
1852 1
1852 2
1852 3
1853 0
1853 1
1853 3
1854 0
1854 1
1855 0
1855 2
1855 3
1856 1
1856 3
1857 0
1857 1
1857 3
1858 1
1858 3
1859 1
1859 2
1860 0
1861 2
1861 3
1862 0
1862 1
1862 3
1863 1
1863 2
1863 3
1864 1
1865 0
1866 0
1866 2
1866 3
1867 0
1867 1
1868 0
1869 0
1869 2
1869 3
1870 1
1870 3
1871 0
1871 1
1871 3
1872 0
1872 1
1873 2
1874 0
1874 2
1875 0
1875 3
1876 1
1876 3
1877 0
1877 1
1878 0
1879 0
1879 3
1880 1
1880 3
1881 0
1881 1
1881 3
1882 1
1882 2
1882 3
1883 1
1883 3
1884 0
1884 1
1884 2
1885 2
1886 2
1888 0
1888 2
1888 3
1889 0
1889 1
1889 3
1890 1
1890 2
1891 0
1891 2
1892 0
1892 2
1893 0
1894 3
1895 0
1895 1
1896 2
1896 3
1897 1
1899 0
1899 2
1899 3
1900 0
1900 1
1900 3
1901 1
1902 0
1902 2
1902 3
1903 1
1903 2
1903 3
1904 1
1904 3
1905 1
1906 0
1907 3
1908 1
1909 0
1909 2
1909 3
1910 1
1911 0
1912 0
1912 2
1913 0
1913 2
1913 3
1914 0
1914 1
1914 2
1915 0
1916 2
1916 3
1917 1
1919 3
1920 1
1921 0
1921 3
1922 1
1922 3
1923 1
1923 2
1924 0
1924 3
1925 1
1925 2
1925 3
1926 0
1926 1
1926 2
1927 0
1927 2
1928 0
1928 3
1929 1
1930 0
1930 2
1931 0
1931 2
1931 3
1932 0
1932 1
1932 2
1933 3
1934 1
1934 3
1935 0
1935 1
1935 3
1936 1
1936 3
1937 1
1937 3
1938 1
1938 2
1938 3
1939 0
1939 1
1940 3
1941 0
1941 1
1941 2
1942 3
1943 0
1943 1
1943 2
1944 2
1944 3
1945 1
1945 2
1946 0
1946 2
1947 3
1948 1
1948 2
1948 3
1949 0
1949 1
1951 2
1952 3
1953 0
1953 1
1953 2
1954 0
1955 3
1956 1
1956 2
1956 3
1957 1
1957 2
1957 3
1958 1
1958 3
1959 1
1960 3
1961 1
1961 3
1962 0
1962 1
1962 3
1963 1
1963 3
1964 0
1964 1
1964 3
1965 0
1965 1
1965 3
1966 0
1966 1
1966 2
1968 0
1968 2
1969 2
1970 0
1970 2
1970 3
1971 0
1971 1
1971 2
1972 0
1972 3
1973 1
1973 2
1973 3
1974 1
1974 3
1975 1
1976 0
1976 2
1977 2
1977 3
1978 1
1978 3
1979 0
1979 1
1980 3
1981 1
1982 0
1982 2
1983 0
1983 2
1985 2
1985 3
1986 1
1986 3
1987 1
1987 2
1987 3
1988 1
1988 2
1989 0
1989 2
1989 3
1990 1
1990 3
1991 1
1991 2
1992 0
1992 3
1993 0
1993 1
1993 3
1994 0
1994 1
1994 2
1995 2
1995 3
1996 0
1996 1
1996 3
1997 1
1997 2
1997 3
1998 1
1998 3
1999 1
1999 3
2000 1
2000 2
2000 3
2001 1
2001 3
2002 1
2002 2
2003 0
2003 2
2003 3
2004 1
2004 3
2005 0
2005 1
2006 0
2006 3
2007 0
2007 1
2007 2
2008 3
2009 1
2009 2
2009 3
2010 0
2010 1
2011 0
2011 2
2011 3
2012 0
2012 1
2012 3
2013 1
2014 2
2014 3
2015 1
2016 3
2017 1
2018 0
2019 3
2020 1
2020 2
2021 0
2021 3
2022 1
2022 2
2023 0
2023 3
2024 0
2024 1
2024 2
2025 0
2026 0
2028 0
2028 2
2028 3
2029 1
2029 2
2029 3
2030 1
2030 3
2031 0
2031 1
2032 2
2032 3
2033 0
2033 1
2034 2
2034 3
2035 1
2036 0
2037 0
2037 2
2037 3
2038 1
2038 2
2038 3
2039 1
2039 3
2040 1
2040 2
2040 3
2041 1
2041 2
2042 2
2043 3
2044 1
2046 0
2046 2
2046 3
2047 1
2047 3
2048 0
2048 1
2048 2
2049 0
2049 3
2050 0
2050 1
2050 2
2051 0
2051 3
2052 1
2052 2
2053 0
2054 2
2056 0
2056 3
2057 0
2057 1
2059 2
2059 3
2060 1
2060 2
2060 3
2061 1
2061 3
2062 0
2062 1
2062 3
2063 0
2063 1
2064 2
2064 3
2065 0
2065 1
2065 2
2066 3
2067 0
2067 1
2068 0
2069 0
2069 2
2071 0
2071 3
2072 1
2072 2
2073 2
2074 0
2074 3
2075 0
2075 1
2076 2
2076 3
2077 0
2077 1
2078 3
2079 1
2079 2
2079 3
2080 0
2080 1
2081 2
2081 3
2082 0
2082 1
2082 2
2083 0
2084 2
2084 3
2085 1
2085 3
2086 1
2086 2
2086 3
2087 0
2087 1
2087 2
2089 0
2090 2
2091 0
2093 2
2093 3
2094 0
2094 1
2094 3
2095 1
2095 3
2096 1
2096 2
2097 2
2097 3
2098 1
2098 2
2098 3
2099 1
2099 2
2100 0
2100 2
2100 3
2101 1
2101 3
2102 0
2102 1
2102 2
2104 0
2104 2
2104 3
2105 1
2105 3
2106 1
2106 2
2106 3
2107 1
2108 0
2108 2
2108 3
2109 0
2109 1
2109 2
2110 2
2110 3
2111 1
2111 2
2111 3
2112 0
2112 1
2112 3
2113 1
2113 2
2113 3
2114 0
2114 1
2114 2
2115 2
2115 3
2116 1
2116 2
2117 0
2118 0
2119 2
2119 3
2120 0
2120 1
2120 3
2121 0
2121 1
2121 3
2122 0
2122 1
2122 2
2124 3
2125 1
2126 0
2127 2
2127 3
2128 0
2128 1
2128 3
2129 1
2129 3
2130 0
2130 1
2132 0
2132 3
2133 1
2133 2
2134 0
2134 3
2135 1
2135 2
2135 3
2136 1
2136 2
2136 3
2137 1
2137 2
2137 3
2138 1
2138 3
2139 0
2139 1
2139 3
2140 0
2140 1
2141 2
2142 3
2143 1
2143 2
2144 0
2144 2
2144 3
2145 0
2145 1
2145 3
2146 1
2146 3
2147 1
2147 2
2147 3
2148 1
2148 2
2148 3
2149 0
2149 1
2149 3
2150 1
2150 2
2150 3
2151 1
2152 0
2152 3
2153 0
2153 1
2153 2
2154 2
2156 0
2156 2
2156 3
2157 1
2157 3
2158 1
2158 3
2159 0
2159 1
2159 3
2160 1
2160 3
2161 0
2161 1
2161 3
2162 0
2162 1
2163 3
2164 0
2164 1
2164 3
2165 1
2165 2
2166 0
2166 2
2167 0
2167 3
2168 1
2168 2
2168 3
2169 1
2169 2
2169 3
2170 0
2170 1
2170 2
2171 2
2171 3
2172 1
2173 0
2175 3
2176 0
2176 1
2176 2
2177 0
2178 0
2178 2
2179 0
2179 2
2180 0
2180 3
2181 1
2182 0
2183 2
2183 3
2184 0
2184 1
2184 2
2185 2
2185 3
2186 0
2186 1
2186 2
2188 0
2188 2
2189 0
2189 3
2190 0
2190 1
2191 0
2191 2
2191 3
2192 1
2192 2
2193 0
2194 0
2195 0
2195 2
2196 0
2196 3
2197 1
2197 3
2198 1
2198 2
2198 3
2199 0
2199 1
2199 3
2200 1
2200 3
2201 1
2201 2
2202 0
2202 2
2203 2
2203 3
2204 1
2204 3
2205 1
2205 2
2205 3
2206 1
2206 2
2207 0
2208 3
2209 1
2209 3
2210 1
2210 2
2210 3
2211 1
2211 2
2211 3
2212 1
2213 0
2213 2
2214 2
2214 3
2215 0
2215 1
2216 0
2216 2
2217 0
2219 2
2219 3
2220 1
2220 3
2221 0
2221 1
2221 3
2222 1
2222 2
2222 3
2223 0
2223 1
2223 3
2224 0
2224 1
2224 3
2225 1
2225 2
2227 0
2227 2
2227 3
2228 0
2228 1
2229 2
2230 0
2230 3
2231 1
2231 3
2232 1
2232 2
2233 0
2233 2
2233 3
2234 0
2234 1
2235 2
2235 3
2236 0
2236 1
2237 2
2237 3
2238 1
2238 2
2239 2
2239 3
2240 1
2240 3
2241 1
2241 2
2242 3
2243 1
2243 3
2244 1
2244 3
2245 0
2245 1
2246 0
2246 3
2247 1
2248 0
2248 2
2248 3
2249 0
2249 1
2249 3
2250 0
2250 1
2250 3
2251 0
2251 1
2251 3
2252 1
2252 2
2252 3
2253 1
2253 2
2253 3
2254 1
2254 3
2255 1
2255 2
2255 3
2256 0
2256 1
2256 3
2257 1
2257 2
2258 0
2258 2
2258 3
2259 0
2259 1
2261 2
2261 3
2262 1
2262 2
2262 3
2263 0
2263 1
2264 0
2264 2
2264 3
2265 0
2265 1
2265 3
2266 0
2266 1
2266 3
2267 1
2267 3
2268 0
2268 1
2268 2
2269 2
2271 0
2271 2
2272 0
2273 2
2273 3
2274 1
2274 2
2275 0
2275 3
2276 1
2276 3
2277 1
2277 3
2278 0
2278 1
2279 2
2279 3
2280 1
2281 0
2281 2
2281 3
2282 0
2282 1
2283 0
2283 2
2283 3
2284 1
2284 2
2285 0
2285 2
2286 0
2286 2
2286 3
2287 1
2287 2
2287 3
2288 1
2288 3
2289 1
2290 0
2290 2
2291 0
2291 2
2291 3
2292 1
2292 2
2293 0
2293 2
2294 0
2294 2
2294 3
2295 1
2295 2
2295 3
2296 0
2296 1
2296 3
2297 1
2297 3
2298 1
2299 0
2299 2
2299 3
2300 1
2300 3
2301 1
2301 2
2302 0
2302 3
2303 1
2304 2
2305 0
2305 2
2305 3
2306 1
2306 2
2307 0
2308 3
2309 0
2309 1
2309 2
2310 2
2310 3
2311 1
2312 0
2312 2
2312 3
2313 0
2313 1
2313 2
2314 2
2315 0
2315 3
2316 1
2316 3
2317 0
2317 1
2317 2
2318 0
2318 2
2319 0
2319 3
2320 1
2320 3
2321 0
2321 1
2322 2
2322 3
2323 1
2323 3
2324 1
2324 3
2325 1
2325 3
2326 1
2326 2
2328 0
2328 3
2329 1
2329 2
2331 3
2332 0
2332 1
2332 2
2333 0
2333 2
2334 2
2335 0
2335 3
2336 1
2337 0
2337 3
2338 0
2338 1
2338 3
2339 1
2339 3
2340 1
2340 3
2341 0
2341 1
2341 3
2342 0
2342 1
2342 3
2343 1
2344 0
2344 2
2345 2
2347 2
2348 0
2348 3
2349 0
2349 1
2351 0
2351 2
2351 3
2352 1
2353 0
2353 2
2353 3
2354 0
2354 1
2354 3
2355 1
2355 3
2356 1
2356 2
2356 3
2357 1
2357 2
2358 3
2359 0
2359 1
2361 0
2361 3
2362 1
2363 0
2363 2
2364 0
2365 0
2365 2
2366 0
2366 2
2367 0
2368 2
2368 3
2369 1
2369 3
2370 0
2370 1
2370 2
2371 0
2372 0
2372 3
2373 0
2373 1
2374 0
2374 2
2375 0
2375 2
2376 3
2377 1
2377 3
2378 1
2378 2
2379 0
2379 2
2380 2
2381 0
2382 2
2384 0
2384 2
2385 0
2385 2
2385 3
2386 0
2386 1
2386 3
2387 1
2387 3
2388 1
2388 2
2389 0
2390 0
2390 3
2391 1
2391 2
2392 0
2393 0
2393 2
2393 3
2394 0
2394 1
2394 3
2395 1
2395 3
2396 1
2397 0
2397 2
2397 3
2398 0
2398 1
2399 3
2400 1
2400 2
2401 2
2402 0
2402 2
2402 3
2403 1
2403 2
2404 2
2405 2
2405 3
2406 0
2406 1
2406 2
2407 3
2408 1
2408 2
2409 0
2409 2
2409 3
2410 1
2410 2
2410 3
2411 1
2411 2
2412 0
2412 3
2413 0
2413 1
2414 0
2414 2
2415 3
2416 1
2416 3
2417 1
2417 2
2417 3
2418 1
2418 3
2419 1
2419 3
2420 1
2420 2
2420 3
2421 1
2421 3
2422 1
2422 3
2423 1
2423 2
2423 3
2424 0
2424 1
2424 3
2425 0
2425 1
2426 2
2426 3
2427 0
2427 1
2428 3
2429 1
2429 3
2430 1
2430 2
2430 3
2431 0
2431 1
2431 2
2432 3
2433 0
2433 1
2434 2
2435 2
2436 0
2436 3
2437 0
2437 1
2439 2
2439 3
2440 1
2440 2
2440 3
2441 1
2441 3
2442 1
2442 3
2443 0
2443 1
2443 3
2444 1
2444 3
2445 0
2445 1
2445 3
2446 0
2446 1
2446 3
2447 1
2447 3
2448 0
2448 1
2448 3
2449 1
2449 3
2450 0
2450 1
2450 2
2451 2
2451 3
2452 1
2452 2
2453 3
2454 0
2454 1
2454 2
2455 0
2455 3
2456 1
2456 2
2456 3
2457 1
2457 2
2457 3
2458 0
2458 1
2458 3
2459 0
2459 1
2460 0
2460 2
2461 2
2461 3
2462 0
2462 1
2462 2
2464 0
2465 0
2465 2
2465 3
2466 1
2467 3
2468 0
2468 1
2468 2
2469 2
2469 3
2470 1
2471 0
2471 3
2472 1
2472 2
2473 0
2473 2
2473 3
2474 1
2476 2
2476 3
2477 0
2477 1
2477 2
2478 2
2478 3
2479 1
2479 3
2480 0
2480 1
2480 2
2481 0
2481 3
2482 0
2482 1
2482 3
2483 0
2483 1
2483 3
2484 0
2484 1
2484 3
2485 0
2485 1
2485 2
2486 0
2487 3
2488 0
2488 1
2488 3
2489 0
2489 1
2489 3
2490 0
2490 1
2490 3
2491 0
2491 1
2492 2
2492 3
2493 1
2493 3
2494 0
2494 1
2494 2
2495 2
2496 2
2497 0
2497 3
2498 1
2498 2
2500 0
2500 2
2501 2
2502 3
2503 0
2503 1
2503 3
2504 1
2504 3
2505 1
2506 0
2506 2
2506 3
2507 1
2507 3
2508 1
2508 3
2509 1
2509 2
2510 0
2510 2
2510 3
2511 0
2511 1
2511 2
2512 3
2513 1
2513 2
2514 0
2514 2
2515 0
2515 2
2515 3
2516 1
2516 3
2517 1
2517 2
2517 3
2518 1
2518 3
2519 0
2519 1
2519 3
2520 0
2520 1
2521 2
2523 2
2523 3
2524 1
2524 3
2525 1
2526 2
2527 3
2528 1
2528 2
2530 0
2530 2
2530 3
2531 0
2531 1
2531 2
2532 0
2534 0
2536 0
2536 2
2536 3
2537 0
2537 1
2537 2
2538 3
2539 1
2539 2
2539 3
2540 0
2540 1
2540 3
2541 0
2541 1
2542 0
2542 2
2542 3
2543 1
2543 2
2543 3
2544 1
2544 2
2544 3
2545 0
2545 1
2546 2
2546 3
2547 1
2548 0
2548 3
2549 0
2549 1
2549 2
2550 3
2551 1
2551 2
2551 3
2552 0
2552 1
2552 3
2553 0
2553 1
2553 2
2554 2
2554 3
2555 1
2556 0
2556 3
2557 0
2557 1
2558 0
2558 2
2559 3
2560 0
2560 1
2560 2
2563 2
2564 3
2565 0
2565 1
2566 3
2567 1
2567 2
2567 3
2568 1
2568 3
2569 1
2570 2
2572 0
2572 2
2573 3
2574 0
2574 1
2575 0
2576 0
2576 2
2577 2
2577 3
2578 0
2578 1
2578 2
2580 0
2580 3
2581 0
2581 1
2582 2
2582 3
2583 1
2583 2
2586 0
2586 2
2586 3
2587 1
2587 3
2588 1
2588 2
2589 0
2589 2
2589 3
2590 0
2590 1
2590 2
2591 0
2592 2
2593 0
2593 3
2594 0
2594 1
2594 3
2595 0
2595 1
2595 3
2596 1
2596 2
2597 0
2597 2
2598 3
2599 1
2599 3
2600 1
2601 0
2601 3
2602 1
2602 2
2602 3
2603 0
2603 1
2604 2
2604 3
2605 1
2605 2
2606 0
2606 2
2606 3
2607 1
2608 0
2608 2
2609 2
2610 0
2610 2
2611 0
2611 2
2612 2
2612 3
2613 1
2613 2
2613 3
2614 1
2614 2
2614 3
2615 1
2615 3
2616 0
2616 1
2616 2
2617 0
2618 2
2618 3
2619 0
2619 1
2620 2
2621 3
2622 0
2622 1
2622 3
2623 0
2623 1
2624 0
2624 2
2624 3
2625 1
2625 3
2626 0
2626 1
2626 2
2627 3
2628 1
2628 2
2629 0
2629 3
2630 1
2630 2
2631 0
2631 2
2632 3
2633 0
2633 1
2633 3
2634 0
2634 1
2634 2
2635 2
2635 3
2636 1
2636 3
2637 1
2638 0
2638 3
2639 1
2639 3
2640 0
2640 1
2640 3
2641 1
2641 2
2641 3
2642 1
2643 0
2643 3
2644 1
2644 2
2644 3
2645 1
2645 3
2646 1
2646 3
2647 0
2647 1
2648 2
2649 2
2650 0
2650 2
2650 3
2651 1
2651 2
2651 3
2652 0
2652 1
2653 2
2653 3
2654 1
2654 2
2654 3
2655 1
2655 2
2655 3
2656 0
2656 1
2656 2
2657 0
2657 2
2658 0
2659 2
2659 3
2660 1
2660 3
2661 1
2661 3
2662 0
2662 1
2663 0
2663 2
2663 3
2664 1
2664 2
2664 3
2665 1
2665 3
2666 0
2666 1
2666 3
2667 1
2667 2
2668 0
2668 2
2668 3
2669 0
2669 1
2670 0
2670 2
2671 2
2672 0
2672 3
2673 1
2673 2
2673 3
2674 1
2676 0
2676 2
2676 3
2677 0
2677 1
2678 2
2678 3
2679 1
2679 2
2680 3
2681 1
2681 2
2681 3
2682 0
2682 1
2682 3
2683 1
2683 3
2684 0
2684 1
2685 0
2685 2
2686 0
2686 2
2686 3
2687 1
2687 3
2688 0
2688 1
2689 0
2689 2
2689 3
2690 0
2690 1
2691 0
2691 2
2691 3
2692 0
2692 1
2692 2
2693 0
2693 3
2694 0
2694 1
2694 3
2695 1
2695 2
2695 3
2696 0
2696 1
2696 3
2697 1
2698 0
2699 2
2699 3
2700 0
2700 1
2700 3
2701 1
2702 3
2703 1
2703 3
2704 0
2704 1
2704 3
2705 1
2706 0
2706 2
2706 3
2707 1
2707 2
2708 0
2708 2
2708 3
2709 1
2710 0
2710 3
2711 0
2711 1
2711 2
2712 2
2713 2
2713 3
2714 0
2714 1
2715 0
2716 2
2717 3
2718 1
2718 3
2719 1
2719 3
2720 1
2720 3
2721 0
2721 1
2721 3
2722 1
2722 3
2723 1
2723 2
2724 0
2725 3
2726 1
2726 3
2727 1
2727 3
2728 0
2728 1
2729 0
2729 2
2730 0
2730 3
2731 0
2731 1
2731 2
2732 3
2733 0
2733 1
2733 2
2734 0
2734 3
2735 0
2735 1
2735 3
2736 0
2736 1
2736 3
2737 0
2737 1
2737 2
2738 2
2738 3
2739 0
2739 1
2739 3
2740 1
2740 3
2741 1
2741 2
2741 3
2742 1
2742 2
2743 0
2743 3
2744 0
2744 1
2744 3
2745 1
2745 2
2745 3
2746 1
2747 0
2747 2
2747 3
2748 0
2748 1
2748 3
2749 1
2749 2
2749 3
2750 0
2750 1
2750 3
2751 0
2751 1
2751 2
2752 2
2753 0
2753 3
2754 1
2754 3
2755 1
2756 0
2756 2
2757 3
2758 0
2758 1
2758 3
2759 0
2759 1
2759 2
2760 3
2761 0
2761 1
2761 2
2764 2
2765 0
2765 2
2766 0
2766 2
2766 3
2767 1
2767 2
2769 0
2769 2
2769 3
2770 1
2770 3
2771 0
2771 1
2771 3
2772 0
2772 1
2772 2
2773 2
2775 0
2775 2
2775 3
2776 1
2776 3
2777 1
2777 2
2777 3
2778 1
2778 2
2779 0
2779 3
2780 1
2780 3
2781 1
2781 3
2782 1
2782 2
2782 3
2783 1
2784 2
2784 3
2785 1
2785 3
2786 0
2786 1
2786 2
2787 0
2788 0
2788 2
2789 3
2790 1
2790 3
2791 0
2791 1
2791 2
2792 0
2792 3
2793 0
2793 1
2793 3
2794 1
2794 2
2794 3
2795 1
2796 0
2796 2
2796 3
2797 1
2797 3
2798 1
2798 2
2798 3
2799 1
2799 2
2799 3
2800 1
2800 3
2801 1
2801 2
2802 2
2802 3
2803 0
2803 1
2803 3
2804 1
2804 2
2804 3
2805 1
2805 2
2805 3
2806 1
2806 3
2807 1
2807 2
2809 0
2809 2
2809 3
2810 1
2810 3
2811 0
2811 1
2811 2
2812 2
2813 0
2813 2
2813 3
2814 1
2814 3
2815 1
2815 2
2816 2
2817 0
2818 0
2818 2
2819 3
2820 1
2820 2
2820 3
2821 0
2821 1
2821 3
2822 0
2822 1
2822 2
2824 2
2825 0
2827 0
2827 2
2827 3
2828 1
2828 2
2829 0
2829 3
2830 1
2831 0
2831 2
2831 3
2832 0
2832 1
2833 2
2833 3
2834 1
2834 2
2834 3
2835 1
2835 2
2835 3
2836 0
2836 1
2836 2
2838 2
2839 0
2839 2
2839 3
2840 1
2840 2
2840 3
2841 0
2841 1
2841 3
2842 1
2842 2
2842 3
2843 1
2843 3
2844 0
2844 1
2844 3
2845 0
2845 1
2846 0
2846 2
2847 0
2847 3
2848 1
2848 2
2848 3
2849 0
2849 1
2849 3
2850 1
2850 2
2851 2
2852 0
2852 2
2853 0
2853 2
2854 2
2855 0
2855 2
2856 2
2857 0
2858 0
2858 3
2859 1
2860 3
2861 1
2861 2
2862 0
2864 0
2865 2
2866 0
2866 3
2867 1
2867 3
2868 0
2868 1
2869 3
2870 1
2871 0
2871 2
2871 3
2872 1
2873 3
2874 0
2874 1
2874 2
2875 3
2876 0
2876 1
2876 2
2877 2
2878 0
2878 2
2878 3
2879 0
2879 1
2879 3
2880 1
2881 0
2881 2
2881 3
2882 0
2882 1
2883 2
2884 0
2884 3
2885 0
2885 1
2885 3
2886 1
2887 0
2887 2
2888 2
2889 0
2889 3
2890 1
2890 2
2891 0
2891 2
2891 3
2892 0
2892 1
2892 3
2893 0
2893 1
2893 3
2894 1
2895 0
2895 2
2896 0
2896 2
2897 2
2897 3
2898 0
2898 1
2898 3
2899 1
2899 2
2899 3
2900 0
2900 1
2901 2
2902 0
2902 2
2902 3
2903 1
2903 2
2904 0
2904 3
2905 1
2905 2
2905 3
2906 1
2906 2
2906 3
2907 0
2907 1
2907 3
2908 0
2908 1
2908 2
2911 0
2912 3
2913 0
2913 1
2914 0
2914 3
2915 0
2915 1
2915 3
2916 0
2916 1
2916 3
2917 1
2917 2
2918 0
2919 0
2919 3
2920 0
2920 1
2920 2
2921 2
2922 0
2923 2
2924 2
2924 3
2925 1
2925 2
2926 0
2926 2
2926 3
2927 1
2928 0
2928 3
2929 1
2929 3
2930 0
2930 1
2930 3
2931 0
2931 1
2931 3
2932 0
2932 1
2932 2
2933 0
2933 3
2934 0
2934 1
2934 2
2935 0
2935 3
2936 0
2936 1
2937 2
2937 3
2938 1
2938 3
2939 1
2939 2
2939 3
2940 1
2940 3
2941 0
2941 1
2942 2
2942 3
2943 1
2943 3
2944 1
2944 2
2945 0
2945 2
2945 3
2946 1
2946 2
2946 3
2947 1
2947 3
2948 1
2948 2
2948 3
2949 1
2949 2
2949 3
2950 1
2950 3
2951 0
2951 1
2951 3
2952 1
2952 2
2952 3
2953 1
2953 2
2954 0
2955 2
2956 0
2956 3
2957 0
2957 1
2957 2
2958 0
2959 2
2959 3
2960 1
2961 0
2962 2
2963 0
2963 2
2963 3
2964 1
2964 3
2965 1
2965 2
2967 0
2967 2
2968 0
2968 2
2968 3
2969 1
2970 0
2970 2
2971 0
2971 2
2973 2
2973 3
2974 1
2974 2
2975 0
2976 0
2976 2
2977 0
2977 3
2978 1
2979 0
2979 2
2981 0
2982 0
2982 2
2982 3
2983 0
2983 1
2984 2
2985 0
2985 2
2986 0
2986 3
2987 1
2987 3
2988 0
2988 1
2989 3
2990 1
2990 3
2991 1
2991 2
2991 3
2992 1
2992 2
2993 2
2993 3
2994 1
2994 2
2995 2
2995 3
2996 1
2996 3
2997 0
2997 1
2997 2
2998 2
2998 3
2999 1
2999 3
3000 0
3000 1
3000 3
3001 0
3001 1
3001 2
3002 2
3002 3
3003 0
3003 1
3003 2
3004 0
3004 3
3005 0
3005 1
3005 3
3006 0
3006 1
3006 2
3007 3
3008 1
3008 2
3009 2
3009 3
3010 1
3010 3
3011 1
3011 3
3012 0
3012 1
3014 0
3015 3
3016 1
3017 0
3017 2
3017 3
3018 1
3018 2
3018 3
3019 0
3019 1
3020 3
3021 1
3022 0
3022 2
3022 3
3023 1
3023 2
3023 3
3024 0
3024 1
3024 3
3025 0
3025 1
3025 3
3026 0
3026 1
3026 3
3027 1
3028 0
3028 2
3028 3
3029 0
3029 1
3030 2
3030 3
3031 1
3031 2
3032 0
3032 2
3033 0
3034 2
3034 3
3035 0
3035 1
3035 2
3036 3
3037 0
3037 1
3037 2
3039 0
3039 3
3040 1
3040 2
3040 3
3041 1
3041 2
3041 3
3042 0
3042 1
3042 3
3043 0
3043 1
3043 2
3045 0
3045 2
3047 0
3047 3
3048 0
3048 1
3048 2
3050 0
3050 2
3050 3
3051 0
3051 1
3051 3
3052 1
3052 2
3052 3
3053 0
3053 1
3054 0
3055 3
3056 0
3056 1
3056 2
3057 2
3057 3
3058 1
3059 0
3059 3
3060 1
3060 2
3060 3
3061 1
3061 3
3062 0
3062 1
3062 2
3063 3
3064 0
3064 1
3064 2
3065 0
3066 2
3067 3
3068 1
3068 2
3068 3
3069 1
3069 2
3069 3
3070 1
3071 0
3071 2
3072 0
3072 2
3073 0
3073 2
3074 0
3074 2
3075 0
3075 3
3076 1
3077 0
3077 2
3078 0
3078 2
3078 3
3079 1
3079 2
3080 3
3081 0
3081 1
3082 0
3083 0
3083 2
3086 0
3086 2
3087 2
3088 0
3088 2
3088 3
3089 0
3089 1
3089 2
3091 3
3092 1
3092 2
3092 3
3093 1
3093 3
3094 1
3094 2
3094 3
3095 1
3095 2
3097 0
3097 2
3097 3
3098 0
3098 1
3098 2
3099 2
3099 3
3100 1
3100 2
3100 3
3101 1
3101 3
3102 0
3102 1
3102 3
3103 0
3103 1
3103 3
3104 1
3104 2
3105 3
3106 1
3107 3
3108 0
3108 1
3108 3
3109 1
3109 3
3110 0
3110 1
3110 3
3111 0
3111 1
3111 3
3112 0
3112 1
3112 2
3113 2
3113 3
3114 0
3114 1
3114 3
3115 0
3115 1
3115 2
3116 3
3117 0
3117 1
3117 3
3118 1
3118 3
3119 1
3119 2
3119 3
3120 0
3120 1
3120 3
3121 0
3121 1
3121 3
3122 1
3122 3
3123 0
3123 1
3124 2
3124 3
3125 0
3125 1
3125 2
3126 3
3127 1
3127 2
3127 3
3128 0
3128 1
3128 2
3129 2
3130 0
3130 2
3130 3
3131 1
3131 2
3132 0
3133 2
3133 3
3134 1
3134 2
3134 3
3135 1
3135 2
3136 0
3137 0
3138 3
3139 1
3140 0
3140 3
3141 1
3141 2
3141 3
3142 0
3142 1
3143 2
3143 3
3144 0
3144 1
3144 3
3145 1
3146 0
3146 3
3147 1
3147 2
3147 3
3148 0
3148 1
3149 0
3149 2
3150 2
3151 0
3151 2
3151 3
3152 0
3152 1
3152 2
3153 0
3154 0
3154 2
3155 2
3157 0
3157 2
3158 0
3158 2
3159 0
3159 2
3159 3
3160 1
3160 2
3161 2
3161 3
3162 1
3162 3
3163 0
3163 1
3163 3
3164 1
3164 2
3164 3
3165 1
3165 2
3166 0
3167 0
3168 0
3168 3
3169 0
3169 1
3169 2
3170 3
3171 1
3172 0
3172 3
3173 1
3174 0
3174 2
3175 0
3175 3
3176 1
3176 2
3176 3
3177 0
3177 1
3178 0
3178 2
3179 0
3180 0
3180 2
3180 3
3181 1
3181 2
3182 2
3184 0
3184 3
3185 1
3185 3
3186 1
3186 2
3186 3
3187 1
3187 2
3187 3
3188 1
3188 2
3189 2
3190 3
3191 1
3192 0
3192 3
3193 0
3193 1
3193 2
3195 0
3195 2
3195 3
3196 1
3196 3
3197 1
3197 3
3198 1
3199 0
3199 3
3200 1
3200 2
3202 2
3204 0
3204 2
3204 3
3205 0
3205 1
3205 3
3206 1
3206 2
3206 3
3207 0
3207 1
3207 3
3208 0
3208 1
3208 2
3209 0
3209 3
3210 0
3210 1
3210 2
3211 0
3211 3
3212 1
3212 2
3212 3
3213 0
3213 1
3214 0
3214 2
3215 0
3215 3
3216 1
3216 3
3217 1
3217 3
3218 1
3218 3
3219 1
3219 2
3219 3
3220 1
3221 0
3221 2
3221 3
3222 1
3222 2
3223 0
3223 2
3223 3
3224 1
3225 2
3225 3
3226 1
3226 2
3227 0
3227 3
3228 1
3229 0
3229 2
3230 0
3230 3
3231 0
3231 1
3232 0
3232 3
3233 1
3233 2
3233 3
3234 0
3234 1
3234 3
3235 0
3235 1
3235 2
3236 2
3237 0
3237 2
3237 3
3238 0
3238 1
3239 0
3239 3
3240 0
3240 1
3241 0
3241 2
3243 3
3244 0
3244 1
3244 2
3245 0
3245 3
3246 1
3246 2
3246 3
3247 1
3247 2
3247 3
3248 1
3248 3
3249 0
3249 1
3250 3
3251 1
3251 2
3251 3
3252 1
3252 2
3253 2
3253 3
3254 0
3254 1
3255 2
3255 3
3256 0
3256 1
3256 2
3257 2
3257 3
3258 0
3258 1
3258 3
3259 1
3259 3
3260 0
3260 1
3260 2
3261 0
3261 3
3262 0
3262 1
3263 2
3263 3
3264 1
3264 2
3264 3
3265 1
3265 2
3266 0
3266 3
3267 0
3267 1
3267 3
3268 0
3268 1
3268 3
3269 0
3269 1
3269 3
3270 1
3270 3
3271 1
3271 2
3271 3
3272 1
3272 2
3273 0
3273 2
3275 0
3275 2
3275 3
3276 1
3276 3
3277 1
3277 2
3278 3
3279 1
3279 2
3279 3
3280 0
3280 1
3281 3
3282 0
3282 1
3282 2
3283 3
3284 0
3284 1
3284 2
3286 0
3287 2
3288 0
3288 2
3290 0
3290 2
3290 3
3291 1
3291 2
3292 0
3293 2
3293 3
3294 0
3294 1
3294 3
3295 1
3296 2
3296 3
3297 1
3297 2
3297 3
3298 1
3298 3
3299 0
3299 1
3299 2
3301 0
3301 3
3302 0
3302 1
3302 3
3303 0
3303 1
3303 3
3304 1
3304 3
3305 0
3305 1
3306 0
3306 3
3307 1
3308 2
3309 0
3309 2
3309 3
3310 1
3310 2
3310 3
3311 1
3311 3
3312 1
3313 0
3314 2
3315 0
3315 2
3315 3
3316 0
3316 1
3316 3
3317 0
3317 1
3317 2
3318 3
3319 1
3319 2
3319 3
3320 1
3320 2
3320 3
3321 0
3321 1
3322 2
3322 3
3323 1
3323 2
3323 3
3324 0
3324 1
3324 3
3325 1
3326 0
3327 0
3327 2
3327 3
3328 1
3329 2
3329 3
3330 1
3331 0
3331 2
3331 3
3332 0
3332 1
3332 3
3333 0
3333 1
3333 3
3334 1
3334 3
3335 0
3335 1
3335 2
3336 0
3337 0
3338 2
3339 3
3340 0
3340 1
3340 2
3341 3
3342 1
3343 0
3344 0
3344 2
3345 0
3345 2
3345 3
3346 1
3346 3
3347 1
3347 3
3348 1
3349 3
3350 1
3350 2
3350 3
3351 0
3351 1
3351 3
3352 0
3352 1
3353 0
3353 2
3354 3
3355 0
3355 1
3355 3
3356 1
3356 2
3357 0
3358 2
3358 3
3359 0
3359 1
3359 3
3360 1
3360 2
3360 3
3361 1
3361 2
3362 0
3362 2
3362 3
3363 1
3363 3
3364 0
3364 1
3364 3
3365 1
3365 3
3366 1
3367 0
3368 0
3368 3
3369 1
3369 2
3369 3
3370 0
3370 1
3371 0
3371 2
3371 3
3372 1
3372 3
3373 0
3373 1
3374 3
3375 1
3375 2
3376 0
3376 2
3376 3
3377 0
3377 1
3377 2
3379 0
3379 3
3380 1
3380 2
3380 3
3381 1
3381 2
3382 2
3383 2
3384 2
3385 2
3385 3
3386 1
3386 3
3387 1
3387 2
3388 0
3388 2
3389 0
3390 0
3390 2
3390 3
3391 1
3391 2
3391 3
3392 1
3392 2
3392 3
3393 1
3393 3
3394 0
3394 1
3394 3
3395 0
3395 1
3395 3
3396 1
3396 3
3397 0
3397 1
3397 2
3399 0
3399 3
3400 0
3400 1
3401 2
3401 3
3402 0
3402 1
3402 2
3403 0
3404 2
3404 3
3405 1
3405 2
3405 3
3406 1
3407 0
3407 2
3409 0
3409 2
3409 3
3410 1
3410 2
3411 0
3411 2
3412 2
3412 3
3413 1
3413 3
3414 1
3414 2
3415 0
3415 3
3416 1
3416 3
3417 1
3417 2
3417 3
3418 0
3418 1
3418 3
3419 1
3420 0
3420 2
3420 3
3421 1
3421 3
3422 1
3422 3
3423 1
3424 0
3425 0
3425 3
3426 1
3427 3
3428 1
3428 3
3429 1
3429 2
3429 3
3430 0
3430 1
3431 2
3432 2
3433 0
3433 2
3433 3
3434 1
3436 0
3436 2
3437 3
3438 0
3438 1
3438 3
3439 1
3439 3
3440 0
3440 1
3440 3
3441 0
3441 1
3441 3
3442 0
3442 1
3443 2
3443 3
3444 1
3445 3
3446 1
3446 2
3446 3
3447 1
3447 3
3448 1
3448 2
3448 3
3449 0
3449 1
3449 3
3450 1
3450 3
3451 0
3451 1
3451 3
3452 1
3453 3
3454 1
3454 2
3455 0
3455 2
3455 3
3456 0
3456 1
3457 0
3457 2
3457 3
3458 1
3458 2
3458 3
3459 1
3460 0
3460 2
3460 3
3461 0
3461 1
3461 3
3462 0
3462 1
3463 0
3463 2
3463 3
3464 0
3464 1
3464 3
3465 0
3465 1
3466 2
3466 3
3467 0
3467 1
3467 2
3468 0
3468 3
3469 1
3470 0
3470 3
3471 0
3471 1
3472 0
3473 2
3475 2
3475 3
3476 1
3476 2
3477 0
3478 3
3479 1
3480 2
3480 3
3481 0
3481 1
3481 3
3482 0
3482 1
3482 3
3483 1
3483 2
3484 0
3484 2
3485 0
3485 3
3486 1
3486 2
3486 3
3487 0
3487 1
3487 3
3488 1
3488 2
3489 0
3490 0
3490 2
3490 3
3491 0
3491 1
3491 2
3492 0
3492 3
3493 1
3493 2
3494 0
3495 3
3496 1
3496 3
3497 0
3497 1
3497 2
3498 3
3499 1
3500 0
3500 2
3501 3
3502 1
3502 2
3502 3
3503 1
3503 3
3504 1
3504 2
3504 3
3505 1
3505 3
3506 1
3506 2
3506 3
3507 1
3507 2
3508 3
3509 0
3509 1
3509 2
3510 2
3510 3
3511 0
3511 1
3511 3
3512 0
3512 1
3513 0
3513 2
3513 3
3514 1
3514 3
3515 1
3515 3
3516 0
3516 1
3516 3
3517 1
3517 2
3517 3
3518 1
3518 2
3519 3
3520 1
3520 3
3521 1
3521 3
3522 1
3522 2
3523 0
3523 3
3524 1
3524 2
3524 3
3525 1
3525 2
3526 0
3526 2
3526 3
3527 1
3528 0
3529 2
3529 3
3530 1
3532 3
3533 1
3533 2
3533 3
3534 0
3534 1
3534 3
3535 0
3535 1
3535 3
3536 1
3536 3
3537 0
3537 1
3537 2
3538 0
3539 3
3540 0
3540 1
3540 3
3541 1
3541 3
3542 1
3543 0
3543 3
3544 1
3544 3
3545 1
3545 3
3546 0
3546 1
3546 3
3547 0
3547 1
3548 2
3548 3
3549 1
3549 3
3550 1
3550 2
3551 2
3551 3
3552 1
3552 3
3553 0
3553 1
3554 3
3555 0
3555 1
3556 0
3556 3
3557 1
3557 2
3557 3
3558 1
3558 2
3558 3
3559 1
3559 2
3560 0
3561 2
3561 3
3562 1
3562 3
3563 0
3563 1
3563 2
3564 0
3564 3
3565 1
3566 0
3566 3
3567 1
3568 0
3568 2
3570 0
3571 0
3571 2
3571 3
3572 1
3573 0
3573 2
3574 3
3575 1
3575 2
3575 3
3576 1
3577 0
3577 2
3577 3
3578 1
3578 2
3580 0
3580 3
3581 1
3581 3
3582 0
3582 1
3582 3
3583 1
3583 3
3584 0
3584 1
3585 3
3586 0
3586 1
3587 0
3587 2
3589 0
3590 0
3590 2
3592 3
3593 0
3593 1
3594 3
3595 1
3595 2
3595 3
3596 1
3596 2
3597 0
3597 3
3598 0
3598 1
3598 2
3599 3
3600 1
3600 2
3601 2
3602 0
3602 3
3603 1
3604 0
3604 3
3605 0
3605 1
3606 0
3606 3
3607 1
3607 3
3608 1
3609 0
3610 2
3610 3
3611 1
3611 3
3612 1
3613 0
3613 2
3613 3
3614 1
3615 2
3615 3
3616 1
3617 0
3617 2
3618 3
3619 1
3619 3
3620 1
3622 2
3622 3
3623 1
3623 2
3623 3
3624 1
3624 3
3625 1
3625 2
3626 3
3627 1
3627 2
3628 0
3630 0
3630 2
3630 3
3631 0
3631 1
3631 2
3632 2
3632 3
3633 1
3633 3
3634 1
3634 2
3634 3
3635 1
3635 2
3635 3
3636 1
3637 0
3637 2
3637 3
3638 0
3638 1
3639 0
3639 2
3640 2
3640 3
3641 0
3641 1
3641 3
3642 1
3642 2
3643 0
3643 3
3644 1
3644 2
3645 3
3646 1
3646 2
3647 3
3648 0
3648 1
3648 2
3649 2
3649 3
3650 1
3650 2
3650 3
3651 0
3651 1
3651 2
3652 2
3652 3
3653 0
3653 1
3653 3
3654 1
3654 2
3655 0
3655 3
3656 1
3656 2
3657 0
3657 2
3657 3
3658 0
3658 1
3659 3
3660 1
3660 2
3660 3
3661 1
3661 2
3662 3
3663 1
3663 2
3663 3
3664 1
3664 2
3664 3
3665 1
3665 3
3666 1
3666 2
3666 3
3667 0
3667 1
3668 2
3668 3
3669 1
3669 2
3670 0
3670 2
3670 3
3671 1
3671 2
3671 3
3672 1
3672 2
3672 3
3673 1
3673 2
3673 3
3674 1
3674 3
3675 0
3675 1
3676 0
3676 2
3677 2
3678 0
3678 2
3679 2
3679 3
3680 0
3680 1
3680 2
3681 0
3681 3
3682 1
3682 3
3683 1
3683 2
3683 3
3684 1
3684 2
3684 3
3685 1
3685 3
3686 1
3686 2
3686 3
3687 1
3687 2
3687 3
3688 1
3688 2
3688 3
3689 1
3689 2
3689 3
3690 0
3690 1
3690 2
3691 3
3692 1
3692 2
3693 0
3693 2
3694 2
3694 3
3695 0
3695 1
3696 2
3696 3
3697 0
3697 1
3697 2
3698 2
3698 3
3699 1
3699 2
3699 3
3700 1
3700 3
3701 1
3701 3
3702 0
3702 1
3702 3
3703 0
3703 1
3703 2
3705 0
3705 2
3706 2
3707 0
3707 2
3707 3
3708 1
3708 2
3708 3
3709 1
3709 2
3710 0
3710 2
3711 0
3711 2
3712 0
3712 2
3712 3
3713 1
3713 3
3714 0
3714 1
3714 3
3715 0
3715 1
3715 2
3716 3
3717 0
3717 1
3718 2
3719 0
3719 2
3720 0
3721 3
3722 0
3722 1
3723 3
3724 0
3724 1
3724 3
3725 1
3725 3
3726 0
3726 1
3726 3
3727 1
3727 3
3728 0
3728 1
3729 0
3730 0
3730 3
3731 0
3731 1
3731 3
3732 0
3732 1
3732 3
3733 1
3734 0
3734 2
3734 3
3735 1
3735 2
3735 3
3736 0
3736 1
3736 3
3737 0
3737 1
3737 3
3738 1
3738 3
3739 1
3740 0
3740 2
3740 3
3741 0
3741 1
3741 3
3742 1
3742 2
3743 0
3743 3
3744 0
3744 1
3744 2
3745 2
3746 0
3746 2
3748 0
3748 2
3749 0
3749 3
3750 0
3750 1
3751 0
3752 0
3752 2
3752 3
3753 0
3753 1
3753 3
3754 1
3756 0
3756 2
3757 0
3757 2
3758 0
3758 3
3759 0
3759 1
3759 3
3760 0
3760 1
3760 3
3761 1
3762 3
3763 0
3763 1
3764 0
3764 2
3765 3
3766 0
3766 1
3767 0
3767 2
3767 3
3768 0
3768 1
3769 0
3769 2
3769 3
3770 0
3770 1
3770 2
3772 0
3772 2
3772 3
3773 0
3773 1
3773 2
3774 0
3775 2
3776 0
3777 0
3777 2
3777 3
3778 0
3778 1
3779 0
3779 2
3780 2
3780 3
3781 1
3781 3
3782 1
3783 0
3783 2
3783 3
3784 1
3785 0
3785 2
3786 0
3787 0
3788 0
3788 2
3788 3
3789 0
3789 1
3789 2
3790 0
3790 3
3791 0
3791 1
3791 3
3792 0
3792 1
3792 3
3793 1
3793 3
3794 1
3794 3
3795 0
3795 1
3795 3
3796 1
3797 2
3797 3
3798 0
3798 1
3799 0
3799 3
3800 1
3800 2
3800 3
3801 1
3801 3
3802 1
3802 2
3802 3
3803 1
3805 2
3805 3
3806 1
3806 2
3807 2
3807 3
3808 1
3808 3
3809 1
3809 2
3809 3
3810 1
3810 2
3810 3
3811 1
3812 2
3812 3
3813 1
3814 0
3815 0
3816 2
3816 3
3817 1
3817 2
3818 2
3818 3
3819 1
3820 0
3820 3
3821 1
3822 0
3822 2
3823 3
3824 0
3824 1
3824 2
3825 0
3825 2
3826 0
3827 2
3827 3
3828 0
3828 1
3829 3
3830 1
3830 3
3831 1
3832 0
3832 2
3833 2
3834 2
3834 3
3835 1
3836 0
3837 0
3837 2
3837 3
3838 1
3838 3
3839 1
3839 3
3840 1
3840 2
3841 2
3841 3
3842 1
3842 2
3843 3
3844 0
3844 1
3845 2
3845 3
3846 1
3846 3
3847 0
3847 1
3847 2
3849 0
3849 2
3849 3
3850 0
3850 1
3850 2
3851 2
3851 3
3852 0
3852 1
3853 0
3853 3
3854 1
3855 0
3855 2
3855 3
3856 1
3856 2
3857 0
3857 2
3858 2
3859 0
3859 3
3860 0
3860 1
3862 2
3863 0
3863 2
3863 3
3864 1
3864 3
3865 0
3865 1
3865 2
3866 2
3866 3
3867 1
3868 0
3868 2
3868 3
3869 0
3869 1
3870 2
3871 3
3872 1
3872 3
3873 1
3873 2
3873 3
3874 1
3874 3
3875 1
3875 3
3876 1
3876 3
3877 0
3877 1
3877 2
3878 2
3878 3
3879 1
3880 0
3880 2
3880 3
3881 1
3881 2
3881 3
3882 0
3882 1
3883 2
3883 3
3884 1
3884 2
3885 0
3886 0
3886 2
3887 0
3887 2
3887 3
3888 1
3888 3
3889 0
3889 1
3890 0
3891 2
3892 0
3893 3
3894 1
3894 3
3895 1
3895 3
3896 0
3896 1
3896 3
3897 0
3897 1
3897 3
3898 0
3898 1
3898 3
3899 1
3899 2
3899 3
3900 1
3900 3
3901 1
3901 2
3901 3
3902 0
3902 1
3902 2
3904 0
3904 2
3905 0
3905 2
3905 3
3906 1
3906 3
3907 0
3907 1
3907 2
3908 3
3909 1
3909 3
3910 1
3910 3
3911 1
3911 3
3912 0
3912 1
3912 3
3913 0
3913 1
3913 2
3914 0
3914 3
3915 1
3915 2
3915 3
3916 1
3917 0
3917 2
3917 3
3918 1
3918 2
3919 3
3920 0
3920 1
3921 0
3921 2
3922 0
3923 2
3923 3
3924 1
3925 0
3925 2
3927 0
3928 2
3928 3
3929 0
3929 1
3929 3
3930 0
3930 1
3930 3
3931 0
3931 1
3931 2
3932 2
3932 3
3933 1
3933 3
3934 1
3935 0
3935 2
3935 3
3936 0
3936 1
3936 3
3937 0
3937 1
3937 3
3938 0
3938 1
3938 3
3939 1
3939 3
3940 1
3940 3
3941 1
3941 2
3942 0
3942 2
3942 3
3943 0
3943 1
3943 3
3944 1
3944 2
3944 3
3945 0
3945 1
3945 3
3946 0
3946 1
3946 3
3947 1
3947 2
3947 3
3948 0
3948 1
3949 2
3949 3
3950 0
3950 1
3950 2
3952 2
3952 3
3953 0
3953 1
3954 2
3955 2
3956 3
3957 0
3957 1
3958 0
3958 3
3959 1
3959 3
3960 0
3960 1
3960 3
3961 0
3961 1
3962 2
3963 0
3964 0
3964 3
3965 1
3965 2
3966 0
3966 2
3967 0
3967 2
3968 2
3968 3
3969 1
3969 2
3969 3
3970 1
3971 0
3971 2
3971 3
3972 1
3972 3
3973 1
3973 2
3973 3
3974 1
3974 2
3974 3
3975 1
3975 3
3976 1
3977 2
3977 3
3978 1
3979 0
3979 2
3979 3
3980 1
3980 3
3981 0
3981 1
3981 3
3982 0
3982 1
3982 2
3983 3
3984 0
3984 1
3985 0
3985 2
3985 3
3986 1
3986 2
3986 3
3987 0
3987 1
3987 2
3988 3
3989 1
3989 2
3989 3
3990 1
3990 3
3991 1
3991 2
3991 3
3992 1
3993 0
3993 3
3994 1
3994 2
3995 0
3995 2
3997 0
3997 2
3998 0
3998 2
3998 3
3999 1
3999 3
4000 1
4001 0
4001 2
4001 3
4002 1
4002 2
4003 0
4003 3
4004 1
4004 2
4005 0
4005 3
4006 1
4006 3
4007 1
4007 3
4008 0
4008 1
4009 2
4010 3
4011 0
4011 1
4011 2
4012 0
4013 2
4013 3
4014 1
4015 0
4016 2
4016 3
4017 1
4018 3
4019 1
4019 3
4020 1
4020 2
4021 0
4022 0
4022 2
4024 0
4024 3
4025 1
4025 2
4026 2
4027 0
4027 3
4028 1
4028 2
4028 3
4029 0
4029 1
4029 3
4030 0
4030 1
4030 3
4031 1
4031 3
4032 0
4032 1
4033 2
4033 3
4034 0
4034 1
4035 0
4035 2
4035 3
4036 1
4036 2
4036 3
4037 1
4037 3
4038 1
4039 2
4039 3
4040 1
4040 3
4041 1
4041 2
4041 3
4042 0
4042 1
4042 3
4043 1
4043 3
4044 1
4044 2
4044 3
4045 0
4045 1
4045 2
4046 0
4046 3
4047 0
4047 1
4047 2
4048 0
4048 3
4049 0
4049 1
4049 2
4050 2
4050 3
4051 0
4051 1
4051 2
4052 3
4053 0
4053 1
4053 2
4054 0
4055 2
4055 3
4056 1
4056 3
4057 0
4057 1
4057 3
4058 1
4058 3
4059 0
4059 1
4061 2
4061 3
4062 0
4062 1
4063 2
4063 3
4064 1
4065 0
4066 0
4066 2
4066 3
4067 0
4067 1
4067 3
4068 1
4068 2
4068 3
4069 0
4069 1
4070 2
4070 3
4071 0
4071 1
4071 3
4072 1
4072 2
4072 3
4073 1
4073 2
4074 0
4074 3
4075 0
4075 1
4075 2
4076 2
4077 0
4077 3
4078 0
4078 1
4078 3
4079 1
4079 3
4080 1
4080 2
4080 3
4081 0
4081 1
4081 2
4082 0
4083 2
4084 0
4084 2
4084 3
4085 1
4085 2
4085 3
4086 1
4086 2
4086 3
4087 1
4087 3
4088 1
4088 2
4088 3
4089 0
4089 1
4089 3
4090 1
4090 2
4091 0
4091 3
4092 1
4092 3
4093 0
4093 1
4093 2
4094 3
4095 1
4095 2
4096 0
4096 2
4096 3
4097 1
4097 2
4097 3
4098 1
4098 3
4099 1
4099 3
4100 0
4100 1
4100 2
4101 3
4102 0
4102 1
4102 3
4103 1
4103 3
4104 1
4105 0
4105 2
4106 0
4106 2
4107 3
4108 0
4108 1
4109 2
4111 2
4111 3
4112 1
4112 3
4113 0
4113 1
4114 3
4115 0
4115 1
4116 0
4116 2
4117 2
4117 3
4118 1
4118 2
4118 3
4119 0
4119 1
4119 3
4120 1
4120 2
4121 0
4121 3
4122 1
4123 3
4124 0
4124 1
4124 3
4125 0
4125 1
4125 2
4126 2
4127 0
4129 0
4129 2
4129 3
4130 0
4130 1
4131 0
4131 2
4132 3
4133 0
4133 1
4133 3
4134 1
4134 3
4135 0
4135 1
4137 2
4138 2
4139 3
4140 1
4140 2
4140 3
4141 0
4141 1
4141 3
4142 1
4142 3
4143 0
4143 1
4143 3
4144 1
4144 2
4144 3
4145 1
4145 3
4146 0
4146 1
4147 3
4148 0
4148 1
4148 3
4149 1
4149 3
4150 0
4150 1
4151 2
4151 3
4152 0
4152 1
4153 0
4153 2
4155 0
4155 2
4156 0
4156 2
4156 3
4157 1
4158 3
4159 1
4159 2
4159 3
4160 0
4160 1
4160 3
4161 0
4161 1
4162 2
4162 3
4163 0
4163 1
4163 3
4164 0
4164 1
4164 3
4165 0
4165 1
4165 2
4166 0
4166 2
4168 0
4168 2
4169 2
4169 3
4170 0
4170 1
4171 2
4173 0
4174 3
4175 0
4175 1
4176 0
4177 0
4177 2
4177 3
4178 1
4178 3
4179 1
4179 2
4179 3
4180 0
4180 1
4180 3
4181 1
4181 3
4182 1
4182 2
4183 2
4183 3
4184 1
4185 0
4185 2
4185 3
4186 0
4186 1
4186 3
4187 1
4188 2
4189 0
4189 2
4189 3
4190 1
4191 0
4191 2
4191 3
4192 1
4192 3
4193 1
4193 2
4193 3
4194 1
4195 2
4195 3
4196 0
4196 1
4196 2
4197 0
4197 3
4198 0
4198 1
4199 2
4200 0
4200 3
4201 1
4201 3
4202 1
4202 2
4202 3
4203 1
4203 2
4204 3
4205 0
4205 1
4205 3
4206 0
4206 1
4206 3
4207 1
4207 3
4208 1
4208 2
4208 3
4209 0
4209 1
4209 3
4210 1
4210 2
4211 0
4211 2
4211 3
4212 1
4212 2
4212 3
4213 1
4213 3
4214 1
4214 3
4215 1
4215 3
4216 1
4217 0
4217 2
4218 0
4218 2
4218 3
4219 1
4219 2
4220 0
4220 2
4221 3
4222 1
4222 2
4224 0
4224 2
4226 2
4226 3
4227 1
4227 2
4227 3
4228 1
4228 3
4229 1
4229 3
4230 1
4231 0
4231 2
4231 3
4232 1
4232 2
4232 3
4233 0
4233 1
4233 3
4234 1
4235 0
4235 2
4236 0
4237 2
4237 3
4238 1
4238 2
4239 0
4239 3
4240 1
4240 2
4241 2
4242 0
4243 2
4243 3
4244 1
4244 2
4245 0
4246 0
4246 3
4247 1
4248 0
4248 2
4248 3
4249 0
4249 1
4249 2
4250 2
4251 0
4251 3
4252 1
4252 2
4252 3
4253 1
4253 2
4253 3
4254 1
4254 2
4254 3
4255 1
4255 3
4256 1
4256 2
4257 0
4258 2
4259 0
4259 2
4259 3
4260 1
4260 3
4261 1
4261 3
4262 0
4262 1
4262 2
4263 0
4263 3
4264 1
4264 2
4264 3
4265 0
4265 1
4265 3
4266 1
4266 2
4268 0
4268 2
4268 3
4269 0
4269 1
4270 2
4270 3
4271 0
4271 1
4271 3
4272 1
4272 2
4272 3
4273 0
4273 1
4273 3
4274 1
4275 0
4275 2
4276 0
4276 2
4276 3
4277 1
4277 2
4278 2
4279 0
4279 3
4280 1
4280 3
4281 1
4282 0
4282 2
4283 0
4283 2
4283 3
4284 1
4285 2
4286 2
4286 3
4287 1
4287 2
4288 0
4290 0
4290 2
4291 0
4291 2
4292 0
4292 3
4293 1
4293 2
4294 2
4295 2
4295 3
4296 1
4296 3
4297 0
4297 1
4297 3
4298 0
4298 1
4298 3
4299 0
4299 1
4300 0
4300 2
4300 3
4301 1
4301 2
4301 3
4302 0
4302 1
4303 3
4304 0
4304 1
4304 3
4305 1
4305 3
4306 0
4306 1
4306 3
4307 0
4307 1
4308 2
4308 3
4309 1
4310 2
4311 0
4311 2
4312 0
4312 2
4312 3
4313 1
4313 2
4314 2
4314 3
4315 0
4315 1
4315 2
4317 0
4317 3
4318 0
4318 1
4318 2
4319 2
4319 3
4320 0
4320 1
4320 2
4321 0
4322 3
4323 0
4323 1
4323 3
4324 0
4324 1
4325 2
4325 3
4326 1
4326 2
4327 2
4328 0
4328 3
4329 0
4329 1
4330 0
4330 2
4330 3
4331 1
4331 2
4332 0
4332 2
4333 0
4333 2
4333 3
4334 0
4334 1
4334 2
4336 0
4336 3
4337 1
4337 2
4338 0
4338 2
4338 3
4339 0
4339 1
4339 2
4341 2
4342 0
4343 2
4343 3
4344 0
4344 1
4345 2
4346 0
4346 2
4346 3
4347 1
4347 2
4348 0
4348 2
4348 3
4349 1
4349 2
4350 0
4352 0
4353 2
4354 2
4354 3
4355 0
4355 1
4355 2
4356 0
4356 2
4357 0
4357 3
4358 0
4358 1
4358 3
4359 1
4359 2
4359 3
4360 1
4361 2
4362 0
4362 2
4363 0
4363 2
4365 0
4365 3
4366 0
4366 1
4366 3
4367 0
4367 1
4368 3
4369 1
4369 2
4369 3
4370 0
4370 1
4371 0
4371 3
4372 1
4373 0
4374 0
4374 2
4375 0
4375 2
4376 3
4377 1
4377 2
4378 2
4379 3
4380 0
4380 1
4380 2
4381 0
4381 3
4382 1
4382 2
4382 3
4383 1
4383 3
4384 1
4384 3
4385 1
4386 2
4387 2
4387 3
4388 0
4388 1
4389 3
4390 0
4390 1
4390 3
4391 0
4391 1
4391 2
4392 0
4392 2
4393 0
4394 0
4394 2
4395 0
4396 2
4396 3
4397 1
4398 0
4398 3
4399 0
4399 1
4399 3
4400 0
4400 1
4400 3
4401 1
4401 3
4402 1
4402 2
4403 2
4403 3
4404 1
4404 2
4404 3
4405 0
4405 1
4406 0
4406 2
4406 3
4407 0
4407 1
4407 3
4408 1
4408 3
4409 1
4409 2
4410 0
4410 2
4411 0
4411 3
4412 0
4412 1
4412 3
4413 0
4413 1
4413 2
4414 0
4414 3
4415 1
4415 3
4416 1
4416 2
4417 0
4417 3
4418 0
4418 1
4419 0
4419 2
4420 2
4421 0
4421 2
4421 3
4422 1
4422 2
4422 3
4423 0
4423 1
4423 2
4425 0
4425 3
4426 0
4426 1
4426 3
4427 0
4427 1
4428 0
4429 0
4429 2
4430 3
4431 1
4431 2
4431 3
4432 1
4432 3
4433 0
4433 1
4433 3
4434 0
4434 1
4435 0
4435 2
4435 3
4436 0
4436 1
4436 3
4437 1
4437 3
4438 1
4438 2
4439 0
4440 2
4441 0
4441 2
4441 3
4442 0
4442 1
4442 3
4443 0
4443 1
4444 3
4445 1
4445 2
4445 3
4446 1
4446 3
4447 1
4447 2
4447 3
4448 1
4448 2
4449 0
4449 3
4450 1
4450 2
4450 3
4451 1
4451 3
4452 1
4452 2
4452 3
4453 1
4453 2
4454 0
4454 2
4455 0
4455 3
4456 1
4456 2
4457 0
4457 2
4458 0
4458 3
4459 1
4459 3
4460 0
4460 1
4460 3
4461 1
4461 3
4462 0
4462 1
4462 3
4463 1
4464 2
4464 3
4465 1
4466 0
4466 3
4467 0
4467 1
4467 2
4468 2
4468 3
4469 1
4469 2
4469 3
4470 1
4471 0
4471 2
4471 3
4472 0
4472 1
4472 3
4473 1
4473 3
4474 0
4474 1
4476 0
4476 3
4477 1
4477 2
4477 3
4478 1
4478 3
4479 1
4479 3
4480 1
4480 3
4481 1
4482 0
4482 2
4482 3
4483 0
4483 1
4483 2
4484 0
4485 2
4486 0
4486 2
4487 3
4488 1
4488 3
4489 0
4489 1
4489 3
4490 0
4490 1
4492 2
4492 3
4493 0
4493 1
4493 3
4494 1
4494 3
4495 1
4495 2
4496 0
4496 3
4497 1
4497 3
4498 1
4499 0
4499 2
4500 0
4501 0
4501 2
4501 3
4502 0
4502 1
4502 3
4503 0
4503 1
4504 3
4505 1
4505 2
4506 2
4506 3
4507 1
4507 2
4507 3
4508 1
4508 3
4509 0
4509 1
4510 2
4510 3
4511 0
4511 1
4511 3
4512 1
4513 2
4513 3
4514 1
4515 0
4515 2
4515 3
4516 1
4516 3
4517 1
4517 3
4518 0
4518 1
4518 3
4519 1
4519 2
4520 0
4520 2
4521 0
4521 3
4522 1
4523 2
4523 3
4524 1
4525 0
4525 3
4526 1
4526 3
4527 0
4527 1
4527 3
4528 0
4528 1
4530 0
4530 2
4530 3
4531 1
4531 3
4532 0
4532 1
4532 3
4533 0
4533 1
4533 2
4534 0
4534 3
4535 1
4535 2
4535 3
4536 0
4536 1
4536 3
4537 0
4537 1
4537 3
4538 1
4539 2
4540 3
4541 1
4541 3
4542 1
4542 3
4543 1
4543 3
4544 0
4544 1
4544 3
4545 1
4545 3
4546 1
4547 0
4547 2
4547 3
4548 0
4548 1
4548 2
4549 0
4549 3
4550 1
4551 0
4551 2
4552 3
4553 1
4553 3
4554 1
4554 3
4555 1
4555 2
4555 3
4556 1
4556 2
4556 3
4557 0
4557 1
4557 3
4558 1
4558 2
4559 3
4560 1
4561 2
4561 3
4562 0
4562 1
4562 3
4563 0
4563 1
4563 2
4564 2
4564 3
4565 0
4565 1
4565 2
4566 0
4566 3
4567 1
4567 2
4568 3
4569 1
4569 2
4570 2
4570 3
4571 1
4571 2
4572 0
4572 3
4573 1
4574 2
4575 0
4575 2
4576 3
4577 1
4577 2
4578 2
4579 0
4579 3
4580 1
4580 2
4580 3
4581 0
4581 1
4581 2
4582 3
4583 1
4583 3
4584 1
4585 0
4585 2
4586 0
4586 2
4586 3
4587 0
4587 1
4588 2
4588 3
4589 1
4589 2
4589 3
4590 0
4590 1
4590 2
4591 2
4592 2
4593 0
4593 2
4593 3
4594 1
4594 3
4595 0
4595 1
4595 3
4596 1
4597 2
4599 0
4600 0
4601 2
4601 3
4602 1
4602 2
4602 3
4603 0
4603 1
4603 3
4604 1
4604 3
4605 1
4605 2
4608 2
4608 3
4609 1
4609 2
4610 0
4610 2
4612 2
4613 0
4614 2
4614 3
4615 0
4615 1
4615 3
4616 1
4616 3
4617 1
4617 2
4618 3
4619 0
4619 1
4619 2
4620 3
4621 1
4621 2
4623 3
4624 1
4624 2
4625 3
4626 1
4626 2
4626 3
4627 0
4627 1
4628 0
4629 3
4630 1
4631 0
4631 2
4631 3
4632 1
4632 3
4633 1
4633 3
4634 1
4634 2
4635 0
4635 2
4635 3
4636 0
4636 1
4637 2
4638 0
4638 2
4639 2
4639 3
4640 1
4641 0
4641 3
4642 1
4642 2
4643 0
4644 0
4644 2
4644 3
4645 0
4645 1
4645 3
4646 1
4646 2
4647 0
4647 3
4648 1
4648 3
4649 0
4649 1
4649 2
4650 0
4651 0
4651 2
4652 2
4653 3
4654 0
4654 1
4654 2
4655 0
4656 3
4657 0
4657 1
4658 0
4659 3
4660 0
4660 1
4660 3
4661 0
4661 1
4661 3
4662 1
4662 2
4663 2
4663 3
4664 1
4664 2
4665 0
4665 3
4666 0
4666 1
4667 3
4668 0
4668 1
4668 3
4669 0
4669 1
4670 0
4670 2
4671 0
4672 0
4673 0
4673 2
4673 3
4674 1
4674 3
4675 1
4676 3
4677 0
4677 1
4677 2
4678 2
4678 3
4679 1
4679 3
4680 1
4681 0
4681 2
4681 3
4682 0
4682 1
4682 3
4683 1
4684 2
4685 0
4685 2
4685 3
4686 1
4686 3
4687 1
4688 0
4689 0
4689 2
4690 0
4690 2
4690 3
4691 1
4692 0
4692 2
4692 3
4693 1
4693 2
4693 3
4694 0
4694 1
4694 3
4695 1
4695 2
4696 3
4697 0
4697 1
4699 0
4699 2
4699 3
4700 1
4700 2
4700 3
4701 0
4701 1
4702 2
4702 3
4703 1
4703 2
4703 3
4704 0
4704 1
4705 3
4706 0
4706 1
4707 2
4707 3
4708 1
4708 2
4708 3
4709 1
4710 2
4710 3
4711 0
4711 1
4714 0
4715 0
4715 2
4715 3
4716 1
4717 0
4717 2
4718 0
4718 3
4719 0
4719 1
4719 3
4720 1
4720 2
4720 3
4721 1
4721 2
4722 0
4722 2
4723 2
4724 0
4724 2
4724 3
4725 1
4725 2
4726 0
4726 2
4727 2
4728 2
4729 0
4729 2
4730 2
4731 0
4731 2
4731 3
4732 0
4732 1
4732 2
4733 2
4734 0
4734 2
4734 3
4735 1
4735 2
4735 3
4736 1
4736 2
4736 3
4737 1
4737 2
4737 3
4738 1
4738 2
4738 3
4739 1
4739 2
4740 2
4741 2
4741 3
4742 0
4742 1
4742 2
4743 0
4743 2
4744 0
4744 2
4745 2
4746 2
4746 3
4747 1
4747 2
4748 2
4749 2
4750 0
4750 2
4750 3
4751 1
4751 2
4751 3
4752 1
4752 2
4753 0
4753 2
4753 3
4754 1
4754 2
4755 2
4755 3
4756 1
4756 2
4757 0
4757 2
4757 3
4758 0
4758 1
4758 2
4759 2
4759 3
4760 1
4760 2
4760 3
4761 0
4761 1
4761 2
4762 2
4763 2
4764 0
4764 2
4764 3
4765 0
4765 1
4765 2
4766 2
4766 3
4767 1
4767 2
4767 3
4768 1
4768 2
4768 3
4769 0
4769 1
4769 2
4770 0
4770 2
4771 2
4771 3
4772 0
4772 1
4772 2
4773 0
4773 2
4774 2
4775 0
4775 2
4776 2
4777 2
4777 3
4778 1
4778 2
4779 0
4779 2
4779 3
4780 0
4780 1
4780 2
4781 2
4782 0
4782 2
4782 3
4783 0
4783 1
4783 2
4784 2
4784 3
4785 1
4785 2
4785 3
4786 1
4786 2
4786 3
4787 0
4787 1
4787 2
4788 0
4788 2
4789 2
4789 3
4790 0
4790 1
4790 2
4791 2
4791 3
4792 1
4792 2
4792 3
4793 1
4793 2
4793 3
4794 1
4794 2
4795 0
4795 2
4795 3
4796 1
4796 2
4797 0
4797 2
4797 3
4798 1
4798 2
4799 2
4799 3
