PATH 100 100
0
100
200
300
301
401
501
500
600
700
701
801
800
900
901
1001
1101
1201
1301
1302
1202
1203
1303
1304
1404
1405
1406
1407
1408
1308
1208
1209
1210
1310
1410
1411
1511
1512
1513
1613
1614
1714
1814
1914
2014
2013
2113
2213
2313
2314
2414
2415
2416
2316
2216
2215
2115
2116
2117
2118
2218
2318
2319
2219
2220
2221
2121
2122
2222
2223
2224
2225
2125
2126
2127
2128
2228
2229
2230
2130
2030
2031
2131
2231
2331
2431
2432
2433
2533
2534
2634
2734
2735
2736
2836
2936
2937
2837
2838
2938
2939
2940
3040
3041
3042
3142
3143
3144
3145
3245
3345
3346
3446
3447
3547
3548
3648
3649
3749
3750
3850
3950
4050
4051
4052
3952
3953
4053
4054
4055
4056
3956
3957
3857
3858
3758
3658
3659
3559
3459
3460
3560
3561
3562
3462
3463
3464
3564
3664
3764
3864
3964
4064
4063
4062
4162
4163
4263
4363
4463
4563
4663
4662
4762
4763
4863
4963
4962
5062
5162
5163
5164
5264
5265
5365
5364
5464
5564
5664
5764
5864
5863
5862
5861
5961
5960
6060
6160
6260
6261
6361
6461
6460
6459
6458
6558
6658
6657
6757
6758
6858
6857
6957
6958
7058
7057
7157
7257
7256
7255
7155
7055
6955
6954
6854
6855
6755
6754
6654
6554
6553
6453
6454
6354
6254
6253
6353
6352
6351
6350
6349
6348
6248
6247
6246
6346
6345
6245
6244
6243
6242
6342
6442
6443
6543
6544
6644
6645
6646
6647
6648
6748
6749
6849
6949
6948
6947
7047
7147
7146
7246
7247
7347
7447
7446
7546
7646
7647
7747
7746
7745
7845
7945
7944
8044
8144
8145
8245
8345
8344
8343
8342
8442
8542
8541
8540
8440
8340
8240
8239
8139
8140
8040
8039
8038
8138
8137
8136
8135
8134
8133
8233
8333
8433
8434
8534
8634
8635
8636
8736
8737
8837
8937
8936
8935
9035
9135
9136
9137
9138
9038
9039
9040
9140
9240
9340
9440
9441
9541
9542
9543
9544
9545
9546
9446
9346
9347
9348
9248
9249
9149
9150
9151
9051
8951
8952
8953
8853
8753
8653
8553
8554
8454
8354
8355
8455
8456
8556
8656
8756
8757
8758
8858
8859
8860
8760
8761
8762
8862
8863
8864
8764
8763
8663
8664
8564
8565
8566
8466
8366
8367
8368
8268
8267
8266
8166
8167
8067
8066
7966
7866
7867
7868
7869
7870
7871
7971
8071
8072
8073
8173
8174
8074
8075
7975
7976
7977
7877
7777
7778
7779
7679
7579
7479
7480
7380
7381
7481
7581
7582
7682
7782
7781
7881
7981
8081
8082
8083
8084
8085
7985
7986
7987
7887
7888
7788
7789
7790
7890
7990
8090
8190
8191
8291
8292
8293
8393
8394
8395
8396
8397
8497
8498
8499
8599
8598
8698
8798
8799
8899
8999
8998
9098
9198
9197
9297
9296
9396
9395
9394
9393
9493
9593
9693
9694
9695
9696
9596
9597
9697
9797
9796
9896
9895
9995
9996
9997
9998
9999
