PATH 60 80
0
80
160
161
162
242
241
321
401
402
322
323
324
404
484
564
565
566
486
406
407
408
409
489
490
491
492
572
571
651
652
653
573
574
494
495
575
576
656
736
735
815
814
894
974
975
1055
1135
1215
1214
1294
1295
1375
1376
1296
1216
1217
1218
1219
1220
1221
1141
1061
981
982
983
984
904
905
985
986
1066
1067
1147
1146
1145
1225
1224
1304
1384
1383
1463
1543
1544
1545
1546
1547
1627
1626
1625
1705
1704
1784
1864
1865
1945
1946
1947
2027
2107
2187
2188
2189
2269
2270
2271
2272
2273
2193
2194
2274
2275
2355
2435
2436
2516
2596
2597
2598
2518
2438
2358
2357
2277
2197
2117
2118
2119
2039
1959
1960
1880
1800
1801
1721
1641
1561
1481
1401
1402
1322
1242
1243
1163
1164
1084
1004
924
923
843
763
764
684
604
605
606
526
527
447
367
368
369
370
450
530
610
611
691
692
693
773
774
775
695
615
616
536
537
617
618
619
699
779
780
700
620
540
541
461
462
382
302
303
304
305
306
307
308
388
468
469
389
390
470
471
551
631
711
712
713
714
715
795
794
874
873
953
1033
1032
1112
1192
1272
1271
1270
1350
1351
1431
1511
1512
1592
1672
1673
1753
1752
1751
1750
1830
1910
1911
1991
1992
2072
2073
2074
2154
2155
2235
2234
2314
2315
2395
2475
2555
2556
2636
2716
2715
2795
2875
2955
2956
3036
3116
3196
3276
3356
3357
3437
3436
3435
3434
3514
3594
3674
3754
3755
3835
3836
3916
3996
4076
4077
4157
4237
4236
4316
4317
4397
4398
4478
4558
4559
4639
4638
4637
4636
4716
4717
4718
4798
4799
